0 0.495118 0.569088 0.039874 0.083489
0 0.732588 0.501352 0.078862 0.083489
0 0.416568 0.624223 0.157985 0.184306
0 0.210241 0.627373 0.134685 0.086639
0 0.197211 0.811529 0.394422 0.376787
6 0.611638 0.460395 0.207344 0.376488
3 0.120127 0.476695 0.049338 0.087712
3 0.250884 0.510385 0.010633 0.018903
3 0.300505 0.537165 0.015950 0.034656
3 0.803679 0.385152 0.018608 0.034656
3 0.876338 0.349708 0.022152 0.033081
4 0.218420 0.522987 0.015950 0.037806
0 0.278674 0.286698 0.051393 0.028355
4 0.373928 0.374125 0.034557 0.026779
4 0.825953 0.154512 0.028998 0.078490
0 0.803672 0.488136 0.020379 0.030508
3 0.350943 0.538665 0.019306 0.047669
3 0.122487 0.575848 0.023596 0.041949
