4 0.491629 0.260455 0.011931 0.043669
4 0.644275 0.291647 0.005615 0.026201
4 0.483908 0.352784 0.007720 0.021211
4 0.897810 0.334069 0.008422 0.016220
3 0.161069 0.241116 0.023160 0.029945
3 0.156858 0.174365 0.030178 0.021211
3 0.492681 0.317849 0.011229 0.011229
3 0.490576 0.391462 0.007018 0.011229
3 0.770253 0.304748 0.021757 0.014972
3 0.770604 0.284785 0.021055 0.022458
3 0.781131 0.345766 0.018247 0.012165
3 0.891844 0.284785 0.018949 0.022458
3 0.912899 0.259207 0.021757 0.073614
3 0.765516 0.370876 0.011931 0.009982
3 0.146067 0.270036 0.021757 0.022458
4 0.150278 0.300069 0.016142 0.033688
0 0.091676 0.553083 0.181071 0.374307
0 0.727680 0.626696 0.351614 0.486599
0 0.511869 0.466279 0.033688 0.067375
0 0.565207 0.461912 0.087026 0.140989
0 0.861378 0.485262 0.204933 0.317448
0 0.331149 0.468119 0.351614 0.578457
0 0.039990 0.594916 0.076055 0.266256
0 0.970195 0.465948 0.054993 0.191371
6 0.130755 0.370782 0.128123 0.115447
4 0.164395 0.296938 0.009361 0.023921
4 0.147429 0.212693 0.009361 0.038482
