3 0.364578 0.327535 0.046791 0.072786
3 0.943127 0.687998 0.012673 0.010398
3 0.935816 0.703595 0.019496 0.013864
3 0.519573 0.683665 0.021446 0.015597
3 0.928992 0.681066 0.009748 0.010398
4 0.637037 0.645539 0.006824 0.032927
4 0.805191 0.661136 0.009748 0.029461
4 0.519085 0.746919 0.010723 0.024262
4 0.952875 0.742587 0.014622 0.022529
6 0.690164 0.786778 0.021446 0.041592
0 0.709660 0.796310 0.011698 0.032927
0 0.416243 0.811040 0.035093 0.072786
0 0.775947 0.791111 0.017547 0.043325
6 0.750115 0.771181 0.045816 0.079718
5 0.718433 0.791111 0.029244 0.091849
5 0.914857 0.791977 0.014622 0.051990
5 0.951900 0.796310 0.012673 0.053723
5 0.962135 0.791111 0.015597 0.053723
5 0.986993 0.800642 0.020471 0.069320
5 0.738904 0.795443 0.031194 0.100514
5 0.292930 0.842234 0.059463 0.280745
0 0.601944 0.809307 0.151095 0.277279
0 0.844184 0.796310 0.140372 0.161168
3 0.533707 0.577086 0.024370 0.062388
8 0.942471 0.815551 0.024171 0.041180
9 0.938946 0.793170 0.021150 0.057294
5 0.928875 0.792275 0.011078 0.059085
