4 0.372051 0.378305 0.021966 0.030508
4 0.548552 0.328729 0.021451 0.068644
4 0.571290 0.303559 0.018877 0.057966
4 0.803822 0.424068 0.020593 0.061017
4 0.355061 0.519407 0.015445 0.028983
5 0.918838 0.679576 0.019735 0.120508
0 0.580623 0.623898 0.012013 0.021356
0 0.598642 0.637627 0.034322 0.054915
0 0.731354 0.662034 0.140720 0.164746
5 0.150266 0.607663 0.011155 0.083898
5 0.138682 0.609189 0.010297 0.077797
4 0.130960 0.039988 0.037754 0.079976
3 0.378885 0.459243 0.029244 0.017330
3 0.376936 0.519031 0.021446 0.036393
3 0.378885 0.486971 0.025345 0.034660
