4 0.163186 0.222380 0.022785 0.099578
3 0.167932 0.299174 0.056962 0.040506
3 0.168882 0.375123 0.024684 0.070886
3 0.897046 0.413941 0.022785 0.040506
3 0.336920 0.335052 0.020886 0.046387
3 0.612816 0.408680 0.014241 0.047257
3 0.695411 0.372393 0.016139 0.011814
3 0.691860 0.351043 0.016633 0.014007
4 0.682595 0.388427 0.005696 0.013502
4 0.678341 0.391297 0.007595 0.013502
4 0.538784 0.416614 0.005696 0.013502
4 0.567265 0.406487 0.005696 0.013502
4 0.129607 0.329694 0.026582 0.048945
5 0.313957 0.490031 0.017089 0.102954
5 0.286728 0.477373 0.016139 0.081013
5 0.262993 0.484968 0.021835 0.089451
5 0.240209 0.481593 0.018038 0.096202
5 0.227867 0.483280 0.018038 0.119831
9 0.672171 0.454588 0.038924 0.150211
8 0.671221 0.491972 0.040823 0.123712
5 0.778974 0.438555 0.024684 0.094515
0 0.579272 0.447538 0.006646 0.028692
0 0.589240 0.444163 0.011392 0.032067
0 0.543671 0.451758 0.015190 0.020253
0 0.532753 0.448382 0.012342 0.030380
0 0.525158 0.450914 0.010443 0.032067
0 0.517563 0.454290 0.012342 0.028692
0 0.505696 0.454290 0.034177 0.048945
0 0.494778 0.469479 0.025633 0.059072
0 0.450633 0.466948 0.072152 0.104641
0 0.376141 0.509441 0.111076 0.162025
5 0.852153 0.390862 0.026508 0.072074
5 0.814730 0.389476 0.034304 0.063758
0 0.559785 0.449769 0.012474 0.020791
