0 0.411347 0.413565 0.013765 0.024471
0 0.478452 0.413565 0.017206 0.032628
0 0.383817 0.413565 0.027530 0.040785
0 0.252360 0.443134 0.073414 0.099924
0 0.173211 0.458429 0.130768 0.138671
0 0.068634 0.499622 0.136504 0.216163
0 0.351584 0.421110 0.049325 0.055060
0 0.496117 0.412953 0.028677 0.042825
0 0.443160 0.449320 0.077238 0.116918
5 0.598209 0.419071 0.014912 0.061178
5 0.658048 0.410064 0.015295 0.055400
5 0.627459 0.424169 0.020648 0.087689
9 0.578708 0.435385 0.029824 0.097885
9 0.833362 0.466994 0.036707 0.136631
9 0.505103 0.413293 0.011471 0.032628
10 0.505033 0.422608 0.014391 0.029506
8 0.578249 0.465974 0.026383 0.075453
8 0.836001 0.470053 0.073414 0.099924
4 0.429777 0.344977 0.009177 0.022432
4 0.477955 0.353134 0.009177 0.022432
4 0.501470 0.374547 0.008030 0.016314
4 0.400526 0.373527 0.010324 0.010196
0 0.403968 0.400038 0.010324 0.042825
