3 0.247596 0.307303 0.031974 0.039079
3 0.708717 0.475164 0.014988 0.030197
3 0.685736 0.472500 0.016986 0.014211
3 0.398472 0.452072 0.009992 0.012434
4 0.449430 0.408553 0.017985 0.028421
4 0.476907 0.467171 0.010991 0.017763
4 0.679741 0.456513 0.014988 0.024868
4 0.628283 0.038191 0.033972 0.076382
4 0.552845 0.437862 0.018984 0.026645
0 0.428447 0.506250 0.017985 0.031974
0 0.478906 0.516020 0.018984 0.030197
0 0.498390 0.527566 0.027977 0.039079
0 0.549847 0.528454 0.014988 0.040855
0 0.455925 0.531118 0.042965 0.049737
0 0.526866 0.534976 0.046961 0.077549
5 0.124697 0.511579 0.031974 0.135000
5 0.160668 0.513355 0.031974 0.138553
5 0.197637 0.511579 0.035970 0.149211
5 0.661633 0.553618 0.006994 0.039079
5 0.669626 0.553618 0.008993 0.039079
5 0.634655 0.540296 0.004996 0.037303
5 0.627660 0.539408 0.004996 0.031974
4 0.686112 0.502993 0.007993 0.019539
0 0.747623 0.563388 0.061073 0.040855
0 0.595687 0.545357 0.052956 0.073364
