4 0.427324 0.404751 0.008406 0.022417
4 0.569531 0.425923 0.009807 0.029889
3 0.208758 0.402260 0.016813 0.017435
3 0.175833 0.405996 0.029422 0.019926
3 0.205255 0.440867 0.012610 0.014945
3 0.331351 0.458303 0.012610 0.014945
3 0.781092 0.269004 0.035027 0.049816
4 0.125255 0.457306 0.008406 0.019926
4 0.584803 0.474742 0.014011 0.019926
4 0.601616 0.478478 0.011208 0.022417
0 0.153416 0.485701 0.015412 0.029889
0 0.114186 0.490683 0.043433 0.029889
5 0.115588 0.500646 0.012610 0.039852
5 0.134502 0.500646 0.011208 0.044834
5 0.542911 0.496910 0.012610 0.042343
5 0.532403 0.498155 0.008406 0.034871
5 0.718744 0.521818 0.016813 0.072232
5 0.866556 0.523063 0.029422 0.119557
5 0.839236 0.526799 0.025219 0.132011
0 0.275309 0.489437 0.029422 0.027399
0 0.439933 0.500646 0.022417 0.049816
0 0.505083 0.495664 0.012610 0.019926
0 0.486729 0.505877 0.036428 0.052306
0 0.378146 0.590563 0.161122 0.241605
0 0.521055 0.489686 0.012610 0.029889
7 0.306692 0.488441 0.029422 0.032380
