5 0.487909 0.567458 0.025742 0.085424
5 0.433423 0.617796 0.033464 0.140339
5 0.461739 0.613983 0.031748 0.172373
0 0.530383 0.575847 0.036896 0.071695
0 0.577575 0.591864 0.045477 0.085424
5 0.556982 0.611368 0.033464 0.138814
5 0.605278 0.617034 0.035180 0.163220
5 0.667487 0.618559 0.039470 0.187627
5 0.761811 0.591864 0.045477 0.161695
5 0.837320 0.588813 0.036896 0.146441
5 0.875503 0.589576 0.029174 0.157119
5 0.899099 0.566695 0.024883 0.120508
5 0.252374 0.621610 0.036896 0.154068
5 0.228349 0.597203 0.072934 0.227288
5 0.160992 0.645254 0.046335 0.207458
5 0.109509 0.621610 0.061780 0.202881
4 0.272538 0.479746 0.018877 0.022881
4 0.417549 0.522458 0.017161 0.022881
4 0.990911 0.418511 0.014587 0.038136
4 0.993056 0.170956 0.010297 0.099153
5 0.384562 0.605392 0.022421 0.076252
