4 0.549049 0.490521 0.009597 0.034123
4 0.485468 0.490521 0.009597 0.034123
4 0.505262 0.441469 0.010797 0.046919
4 0.356860 0.429739 0.009104 0.044787
4 0.288727 0.440403 0.009597 0.044787
4 0.707402 0.446801 0.011996 0.044787
4 0.690607 0.464929 0.014396 0.042654
4 0.600634 0.518669 0.007198 0.033277
0 0.565844 0.631279 0.019194 0.042654
0 0.540652 0.644075 0.031191 0.059716
0 0.519058 0.666469 0.050385 0.113033
0 0.296524 0.639810 0.049185 0.076777
0 0.372102 0.639810 0.130761 0.174881
0 0.427885 0.750710 0.232731 0.366824
0 0.663016 0.721919 0.247127 0.240995
0 0.886691 0.742581 0.226617 0.512650
3 0.325316 0.426540 0.015595 0.025592
3 0.667814 0.582227 0.021594 0.055450
3 0.737394 0.580094 0.011996 0.017062
