3 0.119611 0.438978 0.014034 0.028645
3 0.090244 0.406637 0.016632 0.015708
3 0.782161 0.339249 0.021310 0.038809
3 0.529036 0.453828 0.011955 0.033265
3 0.526697 0.482935 0.012474 0.028645
4 0.325805 0.512372 0.004678 0.012012
4 0.352573 0.481417 0.004158 0.011088
4 0.370505 0.484651 0.004678 0.015708
4 0.361149 0.506212 0.004678 0.010164
4 0.288123 0.499127 0.006237 0.015708
4 0.307152 0.168795 0.014034 0.088706
3 0.429469 0.363559 0.018192 0.081314
0 0.472552 0.536242 0.020271 0.035113
0 0.511015 0.540863 0.026508 0.033265
0 0.547398 0.546869 0.035864 0.030493
0 0.586640 0.534394 0.025988 0.053593
0 0.715628 0.545021 0.116947 0.115503
0 0.347809 0.533932 0.014034 0.021253
0 0.314024 0.543635 0.030666 0.044353
0 0.332476 0.540863 0.010395 0.012936
0 0.363921 0.553337 0.044180 0.058214
0 0.265773 0.535318 0.030146 0.036961
0 0.230867 0.529466 0.019231 0.057290
0 0.195087 0.534086 0.058565 0.073922
0 0.095533 0.622700 0.190234 0.311396
