0 0.505540 0.295038 0.010729 0.023312
0 0.511416 0.299882 0.011921 0.025432
0 0.525721 0.299882 0.023842 0.029670
0 0.544199 0.304121 0.029803 0.029670
0 0.639568 0.316837 0.079871 0.046625
0 0.753414 0.320940 0.090600 0.046355
0 0.448234 0.276570 0.100137 0.042386
0 0.313525 0.338030 0.066758 0.084772
0 0.206235 0.416444 0.216964 0.224647
0 0.062586 0.382535 0.125172 0.110204
0 0.420219 0.456711 0.253920 0.334851
4 0.378495 0.128218 0.010729 0.050863
4 0.529297 0.199215 0.009537 0.023312
4 0.360018 0.126099 0.009537 0.042386
4 0.368958 0.211931 0.008345 0.023312
3 0.371343 0.239482 0.013113 0.027551
3 0.768316 0.119741 0.015497 0.033909
3 0.790966 0.194976 0.029803 0.036028
3 0.761163 0.215110 0.013113 0.016954
3 0.549563 0.066758 0.033379 0.067818
3 0.549563 0.115502 0.033379 0.021193
3 0.551351 0.160008 0.029803 0.042386
3 0.550159 0.200275 0.025034 0.038148
3 0.521549 0.265973 0.020266 0.033909
3 0.540622 0.250078 0.020266 0.040267
3 0.561484 0.235243 0.009537 0.019074
4 0.568041 0.259615 0.008345 0.016954
4 0.711094 0.162127 0.008345 0.033909
3 0.059606 0.275510 0.011921 0.023312
3 0.079275 0.217229 0.032187 0.033909
3 0.109439 0.211765 0.004467 0.026471
0 0.817445 0.288530 0.056581 0.047647
