4 0.443722 0.306076 0.013773 0.047340
4 0.284410 0.311953 0.016528 0.053869
4 0.657670 0.287467 0.011937 0.037545
4 0.811840 0.273591 0.009182 0.039178
3 0.288083 0.392757 0.027547 0.022854
3 0.355756 0.379534 0.015610 0.037545
3 0.357134 0.411366 0.011019 0.032648
3 0.396617 0.398307 0.011019 0.026119
3 0.392944 0.449728 0.011019 0.047340
3 0.765803 0.317503 0.028465 0.044075
5 0.134061 0.502781 0.026629 0.062031
5 0.166199 0.524002 0.026629 0.097944
5 0.766262 0.497068 0.023874 0.099577
0 0.555528 0.487273 0.013773 0.021221
0 0.533950 0.487273 0.009182 0.027751
0 0.438913 0.503597 0.024792 0.050605
0 0.426976 0.509311 0.021119 0.048972
0 0.414121 0.515840 0.022956 0.045707
0 0.093659 0.537878 0.133143 0.089782
0 0.338493 0.546856 0.149671 0.163241
0 0.024588 0.546159 0.049176 0.084885
0 0.492922 0.508221 0.088150 0.155079
0 0.665507 0.545766 0.199256 0.318319
0 0.909505 0.429323 0.179973 0.417896
0 0.950877 0.496915 0.095496 0.399940
