3 0.592473 0.324245 0.018353 0.026511
4 0.642372 0.268165 0.014912 0.036707
3 0.279317 0.342190 0.019501 0.012236
3 0.283332 0.352387 0.011471 0.012236
3 0.359040 0.355446 0.016059 0.010196
3 0.367643 0.365642 0.014912 0.010196
3 0.570105 0.406427 0.011471 0.010196
4 0.271861 0.391133 0.020648 0.020393
4 0.430160 0.310989 0.009177 0.034668
4 0.536839 0.317107 0.009177 0.046903
4 0.543148 0.391541 0.008030 0.016314
3 0.460902 0.388482 0.009177 0.014275
5 0.326004 0.455778 0.009177 0.042825
5 0.314303 0.449660 0.013765 0.055060
0 0.545442 0.429267 0.019501 0.046903
0 0.458837 0.453739 0.027530 0.055060
7 0.659922 0.419071 0.175505 0.275302
0 0.403776 0.462915 0.041295 0.044864
0 0.506441 0.481269 0.076855 0.146828
