5 0.388916 0.537890 0.023730 0.046875
5 0.369140 0.540234 0.029004 0.051562
0 0.346728 0.549414 0.018457 0.060547
0 0.545800 0.536718 0.026367 0.039844
0 0.630835 0.549609 0.061963 0.107812
0 0.686206 0.570703 0.104150 0.164062
0 0.171514 0.634399 0.343029 0.427392
0 0.502954 0.537890 0.060644 0.103125
0 0.772408 0.605859 0.214592 0.196875
0 0.884619 0.569531 0.029004 0.067969
0 0.577441 0.543750 0.044824 0.063281
4 0.435717 0.469531 0.011865 0.028125
3 0.696752 0.442578 0.027686 0.053906
3 0.600512 0.440234 0.017139 0.035156
0 0.438252 0.536406 0.053640 0.061704
