4 0.142119 0.046490 0.031180 0.089404
4 0.464476 0.280728 0.014081 0.057219
4 0.531361 0.277152 0.013075 0.060795
4 0.016394 0.248543 0.017099 0.057219
0 0.135581 0.487252 0.156904 0.159139
0 0.330705 0.477417 0.078452 0.103709
0 0.463470 0.503344 0.154892 0.241391
0 0.667144 0.448808 0.174002 0.210993
0 0.929656 0.620464 0.137794 0.429139
0 0.849695 0.437185 0.032185 0.048278
0 0.268849 0.476523 0.053307 0.073311
0 0.379989 0.462219 0.030174 0.055430
4 0.792868 0.166291 0.021122 0.078675
4 0.072216 0.372815 0.018104 0.033974
