5 0.063174 0.525073 0.027458 0.071695
9 0.127957 0.537058 0.036896 0.135763
8 0.126241 0.587615 0.036896 0.093051
8 0.074329 0.567784 0.029174 0.065593
8 0.205488 0.540872 0.034077 0.051429
5 0.175579 0.531501 0.013729 0.091525
5 0.682870 0.523111 0.016303 0.068644
5 0.702177 0.519298 0.018877 0.076271
5 0.779830 0.526925 0.016303 0.103729
5 0.793130 0.529213 0.017161 0.090000
5 0.728776 0.536840 0.027458 0.102203
8 0.252129 0.535315 0.019735 0.041186
4 0.575185 0.188281 0.015445 0.067119
4 0.467500 0.452179 0.007722 0.021356
4 0.416875 0.448366 0.006006 0.022881
4 0.347802 0.478874 0.006864 0.016780
3 0.077332 0.369806 0.024883 0.039661
3 0.763956 0.224128 0.027458 0.074746
3 0.762669 0.350738 0.021451 0.022881
3 0.784120 0.337010 0.021451 0.019831
3 0.757521 0.307264 0.018019 0.024407
3 0.770821 0.374382 0.036038 0.027458
3 0.774253 0.412518 0.022309 0.027458
3 0.782833 0.320993 0.022309 0.021356
3 0.984904 0.349976 0.023167 0.057966
3 0.984046 0.399552 0.019735 0.047288
4 0.789269 0.416332 0.019735 0.035085
4 0.757092 0.417094 0.012013 0.027458
3 0.275112 0.481271 0.018877 0.090000
3 0.276829 0.543051 0.015445 0.030508
0 0.411972 0.515702 0.009439 0.019831
0 0.404678 0.517990 0.017161 0.024407
0 0.387088 0.521804 0.016303 0.044237
0 0.378079 0.525617 0.022309 0.051864
0 0.365637 0.527905 0.030032 0.053390
0 0.344186 0.533244 0.042044 0.070169
0 0.315870 0.545448 0.067786 0.082373
0 0.442432 0.517228 0.010297 0.019831
0 0.452729 0.514939 0.013729 0.030508
0 0.455303 0.520278 0.008581 0.019831
0 0.468174 0.517228 0.027458 0.044237
0 0.560414 0.499685 0.062638 0.094576
0 0.590875 0.534770 0.053199 0.070169
0 0.642297 0.548717 0.090095 0.088475
0 0.516163 0.533462 0.081515 0.118983
0 0.955302 0.581513 0.065212 0.309661
0 0.427171 0.522784 0.028316 0.045763
