6 0.084169 0.388190 0.167017 0.741720
6 0.970919 0.628293 0.052640 0.344698
6 0.250526 0.474262 0.175465 0.263415
6 0.356455 0.494191 0.044841 0.154236
6 0.398859 0.508922 0.043866 0.110911
6 0.640286 0.462131 0.119901 0.097048
6 0.570100 0.486393 0.028269 0.038126
6 0.535982 0.521053 0.032169 0.065854
0 0.711512 0.556290 0.119901 0.162901
0 0.452798 0.500257 0.061413 0.017330
0 0.455235 0.566688 0.087733 0.110911
0 0.599507 0.631675 0.191062 0.254750
0 0.509012 0.551380 0.016572 0.043325
4 0.425016 0.444512 0.007798 0.019063
4 0.500564 0.449711 0.008773 0.015597
4 0.469857 0.482638 0.007798 0.012131
4 0.447924 0.480905 0.006824 0.015597
3 0.259786 0.297208 0.022421 0.036393
3 0.527371 0.455777 0.021446 0.010398
3 0.558565 0.450578 0.009748 0.013864
3 0.773997 0.338800 0.025345 0.032927
