4 0.269213 0.174752 0.078520 0.110204
4 0.790370 0.175933 0.016531 0.056939
4 0.651926 0.041851 0.022730 0.082653
4 0.773839 0.175408 0.015497 0.069796
4 0.620488 0.040671 0.018597 0.080816
3 0.838412 0.326939 0.028929 0.025714
3 0.860625 0.299912 0.033061 0.014694
3 0.636945 0.332974 0.013431 0.018367
3 0.463374 0.393586 0.019630 0.029388
3 0.460274 0.359606 0.013431 0.031224
4 0.429796 0.364286 0.022730 0.033061
5 0.130252 0.448950 0.052691 0.205714
5 0.405861 0.471428 0.034094 0.124898
5 0.336122 0.502041 0.066122 0.367347
5 0.434962 0.447245 0.005166 0.047755
5 0.585921 0.462545 0.010926 0.031565
5 0.600262 0.468211 0.009560 0.036421
5 0.610255 0.466837 0.004133 0.034898
5 0.638150 0.472347 0.004133 0.045918
5 0.704617 0.481531 0.014464 0.053265
5 0.725797 0.480612 0.007232 0.047755
5 0.903846 0.512755 0.019630 0.108367
5 0.664454 0.501804 0.045071 0.182923
5 0.447802 0.490408 0.033061 0.157959
5 0.486432 0.511473 0.076454 0.319592
0 0.950032 0.639184 0.097117 0.367347
4 0.827086 0.404082 0.008265 0.022041
0 0.551094 0.451619 0.047802 0.043705
5 0.682892 0.502608 0.010926 0.174820
8 0.485536 0.603373 0.053266 0.148112
