3 0.465310 0.463868 0.014041 0.037442
3 0.598698 0.378583 0.021061 0.024961
3 0.465310 0.508591 0.014041 0.031202
3 0.449514 0.524191 0.015211 0.024961
3 0.430793 0.534592 0.012871 0.024961
3 0.410317 0.572034 0.007020 0.020801
3 0.535514 0.525231 0.009361 0.027042
0 0.392181 0.585555 0.012871 0.018721
0 0.283949 0.592836 0.016381 0.024961
0 0.302085 0.592836 0.022231 0.029122
0 0.407392 0.589715 0.019891 0.022881
0 0.355323 0.595956 0.023401 0.022881
0 0.334262 0.592836 0.018721 0.020801
0 0.137690 0.616757 0.177851 0.180971
