0 0.064321 0.619558 0.128642 0.291068
4 0.102523 0.354825 0.027288 0.038809
4 0.743002 0.248794 0.014034 0.056827
4 0.912575 0.466401 0.013254 0.031879
4 0.440500 0.222459 0.023389 0.034651
4 0.725460 0.248101 0.017932 0.049897
4 0.894643 0.466401 0.016373 0.029107
4 0.649055 0.500359 0.010135 0.019405
4 0.609293 0.492043 0.010135 0.016632
0 0.475194 0.553722 0.069388 0.079004
0 0.818238 0.659060 0.286130 0.322946
0 0.514704 0.550949 0.022610 0.054055
0 0.531466 0.546791 0.009356 0.045739
0 0.545110 0.539861 0.014813 0.034651
0 0.563822 0.536396 0.017932 0.036037
0 0.579804 0.535010 0.015593 0.027721
0 0.597736 0.531545 0.015593 0.018018
0 0.622685 0.531545 0.014034 0.023563
0 0.635159 0.530852 0.010915 0.019405
0 0.694802 0.544712 0.035084 0.047125
0 0.671413 0.537089 0.024169 0.031879
0 0.654650 0.531545 0.021830 0.031879
4 0.406723 0.445611 0.010915 0.023563
4 0.342402 0.424127 0.016373 0.033265
3 0.400486 0.380467 0.017152 0.018018
