0 0.065312 0.514699 0.091632 0.090116
0 0.131599 0.513832 0.048740 0.074519
5 0.625339 0.491303 0.014622 0.077985
5 0.511774 0.495636 0.009748 0.055456
5 0.578061 0.490437 0.011698 0.051990
5 0.467908 0.502568 0.009748 0.055456
0 0.317300 0.511233 0.024370 0.048524
0 0.294392 0.513832 0.017547 0.043325
0 0.226643 0.505167 0.036068 0.043325
0 0.254912 0.507767 0.014622 0.045058
0 0.269047 0.504301 0.019496 0.045058
0 0.369452 0.507767 0.021446 0.034660
5 0.445487 0.507767 0.009748 0.048524
5 0.434764 0.507767 0.007798 0.038126
5 0.415268 0.503434 0.007798 0.025995
0 0.179852 0.517298 0.051665 0.053723
4 0.084321 0.129108 0.030219 0.091849
4 0.445000 0.040725 0.034118 0.081451
4 0.058976 0.123909 0.020471 0.077985
4 0.107229 0.133440 0.015597 0.086650
4 0.415756 0.036393 0.016572 0.072786
4 0.528833 0.289410 0.018521 0.041592
4 0.391385 0.453177 0.008773 0.015597
4 0.358242 0.444512 0.010723 0.019063
4 0.307552 0.448845 0.006824 0.013864
4 0.355805 0.470507 0.009748 0.015597
4 0.360191 0.485238 0.010723 0.006932
4 0.467420 0.037259 0.012673 0.064121
