0 0.439142 0.372816 0.014636 0.036735
0 0.096476 0.369755 0.083514 0.104082
0 0.453348 0.372051 0.017219 0.032143
0 0.469707 0.380469 0.025829 0.052041
0 0.481760 0.387357 0.027551 0.050510
0 0.502424 0.395010 0.039605 0.090306
0 0.558387 0.406489 0.115370 0.174490
0 0.383610 0.391183 0.074043 0.116327
0 0.336257 0.365163 0.017219 0.027551
0 0.316024 0.363632 0.014636 0.027551
0 0.300096 0.360571 0.017219 0.030612
0 0.205820 0.426387 0.228157 0.254082
5 0.833036 0.428683 0.043048 0.160714
5 0.047401 0.391949 0.030134 0.154592
3 0.691407 0.150112 0.043909 0.032143
3 0.716375 0.130979 0.037022 0.030612
3 0.696142 0.211336 0.024107 0.022959
3 0.680644 0.181489 0.013776 0.015306
4 0.715514 0.265673 0.024968 0.042857
