0 0.360751 0.425529 0.038236 0.067976
0 0.337809 0.426888 0.027530 0.065257
0 0.295749 0.439804 0.076473 0.104683
6 0.436660 0.364350 0.107062 0.267825
5 0.147210 0.433686 0.009941 0.067976
5 0.134774 0.437085 0.016059 0.069335
5 0.110685 0.441843 0.016824 0.070695
5 0.091949 0.435045 0.017589 0.078852
5 0.186775 0.436405 0.017589 0.076133
5 0.641100 0.428927 0.019883 0.063897
5 0.605540 0.430287 0.014530 0.066616
0 0.755088 0.457159 0.164417 0.262387
4 0.622393 0.159452 0.013956 0.033405
4 0.185856 0.287926 0.017534 0.031269
4 0.528591 0.245684 0.011471 0.035347
3 0.556504 0.250442 0.030589 0.020393
3 0.555193 0.222961 0.027530 0.010876
3 0.556722 0.233837 0.032119 0.010876
3 0.039766 0.312689 0.029824 0.016314
0 0.037132 0.446762 0.073414 0.258761
4 0.911513 0.092834 0.016059 0.061178
4 0.870218 0.602879 0.257713 0.440483
