4 0.597480 0.048750 0.028477 0.093750
4 0.565840 0.045937 0.028477 0.091875
4 0.730371 0.425625 0.015820 0.045000
4 0.014766 0.431250 0.016875 0.041250
4 0.003691 0.435000 0.007383 0.037500
4 0.757793 0.421875 0.020039 0.037500
4 0.427676 0.503437 0.007383 0.020625
4 0.462480 0.507187 0.009492 0.020625
4 0.440859 0.544687 0.006328 0.020625
4 0.464590 0.545625 0.007383 0.022500
3 0.539472 0.504375 0.015820 0.030000
3 0.042187 0.360937 0.061172 0.035625
3 0.016875 0.329062 0.033750 0.028125
3 0.610137 0.488437 0.022148 0.031875
3 0.675000 0.434062 0.021094 0.024375
3 0.488320 0.535937 0.006328 0.016875
3 0.391289 0.548125 0.010547 0.007500
3 0.384433 0.542500 0.009492 0.011250
3 0.499922 0.541562 0.010547 0.009375
0 0.483574 0.576830 0.011602 0.031875
0 0.422930 0.579643 0.008437 0.026250
0 0.416601 0.583393 0.012656 0.030000
0 0.402363 0.584330 0.011602 0.031875
0 0.394980 0.587143 0.013711 0.037500
0 0.380742 0.587143 0.023203 0.045000
0 0.363867 0.591830 0.023203 0.058125
0 0.348047 0.592768 0.025312 0.056250
0 0.330644 0.601205 0.034805 0.069375
0 0.306914 0.603080 0.040078 0.099375
0 0.544219 0.604018 0.021094 0.075000
0 0.219396 0.607353 0.152930 0.175957
0 0.457755 0.600644 0.051680 0.069375
6 0.599083 0.609082 0.104414 0.142500
