0 0.433863 0.629293 0.033056 0.047340
0 0.405398 0.632557 0.034893 0.063664
0 0.373719 0.639903 0.050503 0.071826
0 0.321839 0.648065 0.080804 0.084885
0 0.195124 0.616233 0.167118 0.181197
0 0.922361 0.673368 0.049584 0.040810
0 0.804368 0.652963 0.037647 0.035913
0 0.746061 0.629293 0.025710 0.031016
4 0.697395 0.410550 0.025710 0.122430
4 0.460492 0.134674 0.025710 0.119166
4 0.437536 0.137938 0.029383 0.119166
3 0.515126 0.496252 0.054175 0.068561
3 0.457496 0.491191 0.048666 0.063664
0 0.527281 0.629946 0.017446 0.024486
3 0.448314 0.561548 0.021119 0.029383
0 0.480911 0.619498 0.014692 0.024486
4 0.377002 0.571888 0.006444 0.021004
4 0.353373 0.570934 0.006444 0.022914
4 0.328132 0.567115 0.007519 0.022914
4 0.302891 0.564251 0.006444 0.021004
4 0.277650 0.559477 0.007519 0.019095
4 0.251872 0.561386 0.005370 0.019095
0 0.513411 0.618098 0.019333 0.028642
3 0.544022 0.599958 0.009667 0.015276
3 0.592463 0.582772 0.018045 0.038190
