4 0.423265 0.458668 0.014197 0.022881
3 0.437813 0.536672 0.008190 0.016641
3 0.436643 0.511711 0.010531 0.024961
5 0.623270 0.552273 0.011701 0.018721
5 0.610399 0.547073 0.007020 0.020801
5 0.655446 0.558513 0.022231 0.031202
0 0.441324 0.562674 0.031592 0.052003
0 0.461215 0.598036 0.052653 0.085285
0 0.499242 0.601156 0.070204 0.145609
0 0.575297 0.634438 0.126368 0.178891
0 0.697569 0.748845 0.314749 0.353621
0 0.042915 0.621957 0.067864 0.112327
0 0.028478 0.739484 0.056956 0.222573
5 0.069826 0.551233 0.023401 0.045763
0 0.234806 0.661480 0.437606 0.474268
3 0.705760 0.563714 0.010531 0.029122
