4 0.374395 0.211068 0.017755 0.094694
4 0.349811 0.315474 0.023218 0.036421
4 0.560825 0.223208 0.024584 0.046133
4 0.876321 0.194071 0.027316 0.050989
4 0.851054 0.189215 0.017755 0.060701
4 0.355957 0.212282 0.021853 0.082554
3 0.014511 0.248703 0.027316 0.038849
3 0.349128 0.395600 0.027316 0.021853
3 0.364152 0.441733 0.027316 0.060701
4 0.507559 0.456302 0.013658 0.021853
4 0.579263 0.459944 0.009560 0.019424
4 0.629797 0.501221 0.006829 0.019424
4 0.121043 0.489081 0.013658 0.019424
3 0.193429 0.543712 0.010926 0.021853
0 0.502096 0.532786 0.013658 0.014568
0 0.517803 0.531572 0.015024 0.012140
0 0.528729 0.531572 0.015024 0.016996
0 0.223476 0.559494 0.046437 0.038849
0 0.181820 0.557066 0.012292 0.033993
0 0.129920 0.561922 0.102434 0.101978
0 0.019292 0.588631 0.036876 0.063130
0 0.579946 0.521859 0.079215 0.060701
0 0.730182 0.531572 0.049168 0.050989
