4 0.180159 0.431516 0.005998 0.021327
4 0.205352 0.430450 0.005998 0.023460
4 0.657017 0.309952 0.023993 0.042654
4 0.615030 0.318483 0.016795 0.038389
0 0.220347 0.476303 0.038389 0.055450
0 0.174761 0.454976 0.019194 0.021327
0 0.150168 0.465639 0.034790 0.042654
0 0.103982 0.464573 0.069579 0.108768
0 0.060794 0.500829 0.052784 0.104502
0 0.030397 0.534952 0.060794 0.194076
6 0.017801 0.414455 0.035602 0.085308
3 0.631225 0.228910 0.046786 0.029858
3 0.656418 0.176659 0.046786 0.036256
3 0.938334 0.289692 0.027592 0.036256
5 0.523257 0.488033 0.034790 0.142891
5 0.754189 0.542417 0.074378 0.315640
0 0.967667 0.515758 0.064665 0.194076
0 0.807573 0.526421 0.296312 0.223934
