4 0.445127 0.135703 0.017139 0.114844
4 0.466221 0.140625 0.022412 0.107812
4 0.421397 0.148828 0.025049 0.124219
4 0.915781 0.065625 0.040869 0.065625
4 0.588169 0.502734 0.010547 0.035156
4 0.981699 0.365625 0.030322 0.060937
4 0.495884 0.509765 0.005273 0.030469
4 0.468858 0.496875 0.006592 0.028125
4 0.429966 0.501562 0.007910 0.018750
4 0.007432 0.510937 0.011865 0.032812
0 0.455674 0.550781 0.022412 0.023437
0 0.489951 0.548437 0.017139 0.018750
0 0.517637 0.554296 0.014502 0.025781
0 0.537412 0.580078 0.038232 0.067969
0 0.484678 0.575390 0.072510 0.072656
0 0.429966 0.570703 0.055371 0.049219
4 0.441831 0.529687 0.007910 0.023437
4 0.464243 0.530859 0.005273 0.021094
4 0.378550 0.534375 0.007910 0.028125
0 0.319224 0.590625 0.073828 0.084375
0 0.203868 0.598828 0.093603 0.096094
0 0.779331 0.569531 0.065918 0.079687
0 0.853159 0.550781 0.042187 0.089062
0 0.897324 0.541406 0.048779 0.060937
0 0.969834 0.581250 0.056689 0.140625
4 0.797788 0.492187 0.013184 0.023437
3 0.535435 0.124219 0.029004 0.121875
3 0.913145 0.300000 0.046143 0.150000
3 0.948081 0.191015 0.039551 0.030469
3 0.950059 0.130078 0.056689 0.058594
4 0.013365 0.351562 0.007910 0.056250
4 0.004136 0.346875 0.007910 0.065625
