3 0.294803 0.428248 0.009750 0.007137
4 0.377788 0.417372 0.004588 0.012236
4 0.154105 0.162972 0.043589 0.023452
4 0.548704 0.185914 0.036707 0.022432
4 0.342407 0.414992 0.004015 0.013255
4 0.347569 0.418051 0.002868 0.015295
4 0.399762 0.430797 0.002868 0.012236
4 0.406071 0.417032 0.003441 0.015295
5 0.605199 0.496903 0.022368 0.089728
5 0.743165 0.505944 0.018353 0.112160
5 0.666883 0.494218 0.021795 0.090748
5 0.626449 0.490140 0.018927 0.086669
5 0.579131 0.492179 0.011471 0.052002
5 0.564219 0.493199 0.009177 0.045884
5 0.555042 0.480963 0.005735 0.068316
5 0.511739 0.474845 0.008603 0.023452
5 0.518622 0.492179 0.012044 0.049962
5 0.527512 0.491669 0.013765 0.071375
0 0.422990 0.485772 0.009177 0.032798
0 0.327590 0.480249 0.029251 0.034668
0 0.385423 0.470053 0.006309 0.011216
0 0.380548 0.471582 0.005735 0.012236
0 0.369077 0.469033 0.006883 0.009177
0 0.363915 0.472092 0.009177 0.013255
0 0.374526 0.476680 0.008603 0.012236
0 0.392019 0.473112 0.008030 0.013255
0 0.429586 0.486877 0.009750 0.038746
0 0.315546 0.474641 0.008603 0.019373
6 0.461705 0.466484 0.057928 0.100944
0 0.489522 0.498093 0.052766 0.086669
6 0.882890 0.477870 0.066531 0.053021
0 0.889486 0.517126 0.156578 0.119298
0 0.873251 0.657188 0.252934 0.519059
4 0.566968 0.400549 0.021458 0.033909
