3 0.064026 0.129706 0.029779 0.042353
3 0.055092 0.281912 0.032757 0.039706
3 0.812532 0.132353 0.034246 0.037059
3 0.808065 0.176030 0.069982 0.039706
3 0.808065 0.236912 0.043180 0.023824
4 0.089338 0.215735 0.017868 0.076765
4 0.248956 0.346765 0.017868 0.026471
4 0.824295 0.383824 0.011912 0.031765
0 0.423612 0.480442 0.055092 0.076765
0 0.586208 0.491030 0.028290 0.066177
0 0.668102 0.485736 0.129541 0.145588
0 0.303601 0.480442 0.174210 0.198530
0 0.508930 0.468530 0.128052 0.201177
0 0.849012 0.619412 0.300772 0.375883
3 0.784297 0.266030 0.035735 0.066177
