5 0.066973 0.338062 0.026367 0.065625
5 0.357012 0.376500 0.024258 0.120000
5 0.373359 0.347437 0.021094 0.035625
5 0.307969 0.385875 0.025312 0.127500
5 0.328008 0.390937 0.031641 0.118125
0 0.720879 0.380625 0.009492 0.030000
0 0.735328 0.359250 0.021094 0.022500
0 0.608238 0.398625 0.068555 0.112500
0 0.767812 0.354562 0.040078 0.046875
0 0.821074 0.389250 0.028477 0.063750
0 0.830566 0.393937 0.024258 0.065625
0 0.852187 0.390187 0.042187 0.088125
0 0.872648 0.405187 0.040078 0.099375
0 0.420187 0.402000 0.140062 0.150000
0 0.477035 0.456562 0.225070 0.234375
0 0.735750 0.381562 0.031641 0.043125
0 0.702000 0.374062 0.023203 0.024375
0 0.776883 0.388125 0.061172 0.101250
0 0.938039 0.407812 0.122344 0.166875
0 0.119918 0.421875 0.239836 0.180000
8 0.253863 0.440625 0.091758 0.138750
9 0.257766 0.387187 0.059062 0.204375
3 0.311344 0.183750 0.014766 0.022500
3 0.296051 0.144375 0.036914 0.030000
3 0.876340 0.274687 0.011602 0.024375
3 0.853136 0.290625 0.009492 0.026250
3 0.853136 0.317812 0.013711 0.024375
4 0.288773 0.256875 0.016875 0.033750
4 0.704742 0.322500 0.006328 0.018750
4 0.743765 0.330000 0.006328 0.015000
