3 0.169699 0.347749 0.024883 0.096102
3 0.355467 0.448427 0.015445 0.013729
3 0.371770 0.448427 0.015445 0.013729
3 0.390218 0.453766 0.006006 0.012203
3 0.416818 0.449190 0.011155 0.021356
3 0.325006 0.447664 0.011155 0.024407
3 0.112210 0.399613 0.014587 0.032034
3 0.246066 0.402664 0.062638 0.032034
0 0.121219 0.559783 0.240254 0.285254
0 0.221182 0.471308 0.016303 0.013729
0 0.263656 0.472071 0.020593 0.015254
0 0.331871 0.479698 0.018019 0.048814
0 0.372199 0.472071 0.014587 0.033559
0 0.306987 0.498003 0.054057 0.082373
0 0.394937 0.500291 0.060064 0.080847
0 0.353751 0.482749 0.027458 0.057966
0 0.567835 0.480461 0.030032 0.022881
0 0.615456 0.477410 0.036038 0.025932
0 0.902045 0.490376 0.037754 0.027458
0 0.940229 0.485800 0.023167 0.033559
0 0.876733 0.483512 0.021451 0.032034
0 0.802082 0.481223 0.045477 0.030508
