4 0.273327 0.280267 0.009560 0.038849
4 0.525314 0.280267 0.010926 0.048561
4 0.498374 0.404029 0.009560 0.019424
4 0.410281 0.405243 0.010926 0.021853
3 0.552630 0.407741 0.013658 0.026709
3 0.687535 0.391889 0.019121 0.038849
3 0.663634 0.360567 0.028681 0.021853
3 0.665683 0.382419 0.030047 0.021853
3 0.516130 0.403058 0.015024 0.014568
0 0.460815 0.434380 0.010926 0.016996
0 0.452621 0.429524 0.010926 0.016996
0 0.439646 0.427096 0.012292 0.016996
0 0.427354 0.448948 0.023218 0.031565
7 0.388429 0.439236 0.027316 0.055845
0 0.380234 0.455018 0.024584 0.043705
0 0.356333 0.458660 0.028681 0.036421
0 0.335163 0.457446 0.021853 0.038849
0 0.318091 0.459874 0.020487 0.043705
0 0.301019 0.468373 0.032779 0.055845
0 0.270425 0.465783 0.038242 0.060701
0 0.218525 0.467806 0.076484 0.082554
0 0.472561 0.454452 0.021853 0.031565
0 0.514217 0.455666 0.023218 0.038849
0 0.547679 0.465378 0.049168 0.058273
0 0.745263 0.466997 0.071021 0.072842
0 0.622342 0.456071 0.035510 0.036421
5 0.683745 0.458730 0.019121 0.065558
4 0.512340 0.280267 0.009560 0.048561
