0 0.540464 0.417732 0.009742 0.024742
0 0.502539 0.408454 0.015077 0.022680
0 0.484446 0.411546 0.012758 0.020619
0 0.469949 0.411546 0.013918 0.020619
0 0.438054 0.422887 0.024356 0.043299
0 0.424137 0.415670 0.010438 0.016495
0 0.523067 0.423711 0.027835 0.043299
0 0.457539 0.413402 0.012758 0.018557
0 0.579897 0.402062 0.009278 0.022680
4 0.728374 0.178286 0.017397 0.082474
4 0.539536 0.355670 0.007423 0.018557
4 0.483518 0.377320 0.005799 0.016495
4 0.459742 0.342268 0.006959 0.020619
0 0.094843 0.451231 0.055150 0.049679
0 0.141408 0.451134 0.030328 0.057732
0 0.172229 0.445979 0.031314 0.063918
0 0.215722 0.440825 0.034794 0.061856
0 0.255271 0.438763 0.045232 0.045361
0 0.295284 0.422268 0.009278 0.024742
0 0.317784 0.419175 0.021804 0.026804
0 0.366379 0.419175 0.010438 0.022680
0 0.336804 0.420206 0.016237 0.020619
4 0.173389 0.391753 0.003479 0.020619
4 0.247616 0.368660 0.003479 0.024742
3 0.117139 0.421237 0.009278 0.018557
3 0.569459 0.364536 0.009278 0.008247
3 0.600193 0.322268 0.008119 0.043299
3 0.558441 0.378969 0.005799 0.016495
6 0.546263 0.399588 0.011598 0.020619
6 0.529330 0.393814 0.013918 0.028866
0 0.379833 0.407217 0.017397 0.026804
3 0.422165 0.397938 0.006959 0.016495
3 0.399549 0.383505 0.008119 0.016495
