4 0.432725 0.327417 0.009941 0.020393
6 0.470690 0.382704 0.019118 0.040785
5 0.508162 0.398338 0.007647 0.023112
5 0.447748 0.396299 0.009177 0.029909
5 0.436660 0.394940 0.009941 0.035347
5 0.433601 0.396299 0.009941 0.032628
0 0.488279 0.393852 0.008412 0.014955
0 0.494014 0.396571 0.009177 0.020393
0 0.502044 0.398610 0.013000 0.021752
0 0.380452 0.426888 0.097885 0.169940
3 0.391158 0.342598 0.012236 0.012236
0 0.130688 0.388848 0.090238 0.092447
10 0.319958 0.411280 0.037472 0.061178
0 0.502732 0.398066 0.010706 0.021752
6 0.550910 0.368157 0.059649 0.092447
0 0.538481 0.420648 0.026387 0.047285
0 0.565440 0.431375 0.050472 0.072054
6 0.189954 0.511205 0.341833 0.437764
7 0.798463 0.440710 0.400575 0.881420
