0 0.775760 0.395759 0.010547 0.023437
0 0.785647 0.399274 0.014502 0.021094
0 0.795535 0.405134 0.015820 0.023437
0 0.809378 0.402790 0.014502 0.028125
0 0.819266 0.412165 0.018457 0.037500
0 0.841678 0.412165 0.029004 0.046875
0 0.870022 0.426227 0.040869 0.056250
0 0.912210 0.435602 0.048779 0.084375
0 0.953738 0.501227 0.089648 0.253125
0 0.762576 0.400446 0.018457 0.023437
0 0.737527 0.440290 0.068555 0.098437
0 0.703250 0.406306 0.026367 0.039844
0 0.677542 0.419196 0.032959 0.060937
0 0.630740 0.446149 0.081738 0.096094
4 0.756438 0.037383 0.027686 0.074767
4 0.489471 0.285598 0.013184 0.030469
3 0.538250 0.279845 0.021094 0.035156
3 0.536272 0.322032 0.027686 0.053906
3 0.645696 0.360704 0.017139 0.023437
3 0.615374 0.113439 0.038232 0.044531
4 0.752066 0.321394 0.013061 0.021108
