0 0.515418 0.459638 0.021526 0.025512
0 0.484326 0.461870 0.019134 0.023386
0 0.609653 0.519591 0.172205 0.208347
3 0.328863 0.346536 0.023917 0.017008
3 0.411378 0.387992 0.014350 0.023386
3 0.438285 0.417756 0.010763 0.019134
3 0.683438 0.361417 0.029897 0.021260
4 0.316905 0.361417 0.011959 0.025512
4 0.387461 0.240236 0.009567 0.025512
4 0.465192 0.402874 0.011959 0.014882
4 0.422739 0.397559 0.010763 0.012756
4 0.524985 0.413504 0.009567 0.014882
4 0.597933 0.150945 0.014350 0.025512
4 0.585975 0.115866 0.016742 0.031890
4 0.713334 0.263622 0.013155 0.021260
4 0.671718 0.379276 0.010763 0.021260
4 0.988548 0.079087 0.017938 0.051024
4 0.426725 0.428386 0.010763 0.019134
5 0.969810 0.552969 0.055413 0.279354
5 0.831486 0.555732 0.089690 0.280630
