3 0.673213 0.187322 0.149955 0.108768
3 0.557447 0.449644 0.026392 0.027725
4 0.573042 0.486966 0.007198 0.017062
4 0.549649 0.485900 0.008398 0.019194
0 0.546650 0.512559 0.014396 0.017062
0 0.526856 0.508293 0.010797 0.017062
0 0.450079 0.531753 0.022793 0.029858
0 0.430885 0.537085 0.022793 0.027725
0 0.408091 0.539218 0.027592 0.040521
0 0.373788 0.549322 0.043414 0.047933
0 0.237742 0.586137 0.075578 0.100237
0 0.151368 0.604265 0.113966 0.123697
0 0.047192 0.631990 0.094384 0.136493
0 0.682210 0.533886 0.059982 0.068246
