0 0.428843 0.527138 0.326449 0.429545
0 0.107067 0.472015 0.214135 0.288097
0 0.190721 0.422233 0.072544 0.150809
0 0.248932 0.420152 0.060259 0.098806
0 0.558708 0.423793 0.087755 0.178891
0 0.674119 0.383230 0.083075 0.066564
5 0.699489 0.383750 0.014041 0.094646
5 0.705924 0.373350 0.010531 0.090485
5 0.715577 0.378550 0.016966 0.092565
5 0.831121 0.381150 0.016381 0.108166
5 0.987911 0.399351 0.022231 0.152889
3 0.093313 0.215260 0.046218 0.019761
3 0.407184 0.268303 0.033932 0.015601
3 0.436436 0.296905 0.016381 0.027042
3 0.522728 0.271944 0.023986 0.014561
4 0.248055 0.292745 0.005850 0.010401
4 0.281402 0.257903 0.014041 0.038482
4 0.127538 0.203820 0.019891 0.032242
4 0.372960 0.261543 0.008776 0.018721
3 0.435851 0.251142 0.011701 0.010401
8 0.765358 0.427433 0.042708 0.086325
3 0.249069 0.314952 0.010297 0.024407
3 0.248640 0.266139 0.016303 0.021356
