3 0.485454 0.330135 0.054589 0.053723
3 0.519085 0.352664 0.043866 0.008665
3 0.609255 0.320603 0.017547 0.006932
3 0.601456 0.398588 0.017547 0.013864
3 0.711122 0.315404 0.024370 0.017330
3 0.115027 0.389923 0.021446 0.045058
3 0.659945 0.347465 0.037043 0.060655
3 0.663844 0.394256 0.025345 0.036393
3 0.658970 0.286810 0.029244 0.015597
3 0.665306 0.301541 0.018521 0.013864
3 0.727207 0.369127 0.015597 0.020796
3 0.914857 0.394256 0.032169 0.008665
4 0.600482 0.363928 0.005849 0.024262
4 0.486429 0.352664 0.005849 0.022529
4 0.612179 0.432381 0.013647 0.015597
4 0.728669 0.392523 0.016572 0.025995
4 0.485942 0.465308 0.006824 0.022529
3 0.569775 0.471374 0.008773 0.020796
3 0.111128 0.449711 0.023395 0.043325
0 0.081884 0.473107 0.027295 0.024262
0 0.109666 0.533761 0.024370 0.027728
0 0.384074 0.513832 0.031194 0.050257
0 0.483992 0.503434 0.010723 0.015597
0 0.473269 0.507767 0.014622 0.017330
0 0.464983 0.506900 0.009748 0.019063
0 0.567826 0.501701 0.030219 0.039859
0 0.428428 0.514699 0.073111 0.093582
6 0.519085 0.467041 0.061413 0.147304
0 0.910958 0.461842 0.151095 0.123042
0 0.886100 0.458376 0.109178 0.102247
7 0.246626 0.480039 0.253450 0.322336
0 0.083346 0.599615 0.164743 0.221823
3 0.002437 0.462709 0.004874 0.017330
5 0.732568 0.492170 0.020471 0.117843
5 0.768636 0.492170 0.022421 0.145571
5 0.780334 0.488704 0.028269 0.152503
5 0.804704 0.499968 0.020471 0.143838
5 0.718921 0.515565 0.030219 0.112644
5 0.784720 0.441046 0.017547 0.057189
5 0.820788 0.488704 0.029244 0.166367
3 0.660920 0.459243 0.009748 0.048524
7 0.365553 0.463575 0.015597 0.032927
