3 0.282068 0.473388 0.026978 0.055066
3 0.318538 0.457401 0.019984 0.030197
3 0.639773 0.389013 0.024979 0.060395
3 0.635777 0.329507 0.034971 0.058618
0 0.437265 0.522110 0.023980 0.040855
0 0.422277 0.530992 0.019984 0.040855
0 0.408289 0.544314 0.031974 0.049737
0 0.379812 0.551419 0.046961 0.071053
0 0.347839 0.581617 0.064947 0.078158
0 0.519198 0.489248 0.007993 0.017763
0 0.527191 0.496353 0.007993 0.017763
0 0.539181 0.505235 0.017985 0.017763
0 0.539181 0.524774 0.011990 0.028421
0 0.558166 0.541649 0.035970 0.051513
0 0.585143 0.566518 0.055954 0.083487
0 0.476233 0.509676 0.029975 0.044408
3 0.803934 0.436877 0.013658 0.046133
