4 0.770698 0.458668 0.011701 0.018721
4 0.744372 0.476349 0.010531 0.020801
4 0.670072 0.511711 0.011701 0.012481
4 0.933923 0.426426 0.008190 0.016641
4 0.210820 0.501310 0.012871 0.016641
4 0.603963 0.490909 0.010531 0.016641
0 0.961420 0.529392 0.037442 0.031202
7 0.778889 0.530432 0.056163 0.062404
0 0.790005 0.542913 0.047973 0.041602
0 0.854358 0.537712 0.064354 0.097766
0 0.731501 0.544993 0.036272 0.049923
0 0.631460 0.534592 0.023401 0.024961
7 0.909352 0.522111 0.062014 0.054083
0 0.685283 0.607396 0.131048 0.162250
0 0.570031 0.570994 0.111157 0.135208
5 0.186833 0.588675 0.018721 0.079045
5 0.171037 0.594916 0.019891 0.083205
5 0.131840 0.591795 0.021061 0.060324
5 0.117214 0.598036 0.017551 0.072804
4 0.308521 0.281857 0.023401 0.072804
3 0.132425 0.320339 0.022231 0.024961
