4 0.504950 0.454044 0.011698 0.038126
4 0.365269 0.466295 0.010531 0.043683
4 0.497639 0.452311 0.008773 0.031194
4 0.599019 0.530295 0.018521 0.027728
3 0.605356 0.480039 0.019496 0.013864
3 0.562464 0.512966 0.025345 0.048524
3 0.504463 0.532028 0.014622 0.024262
3 0.357267 0.529429 0.014622 0.025995
3 0.302190 0.505167 0.023395 0.046791
3 0.224693 0.467041 0.022421 0.012131
0 0.382125 0.577086 0.013647 0.051990
0 0.497152 0.593550 0.038992 0.057189
0 0.561002 0.633408 0.094556 0.112644
0 0.727324 0.714925 0.280980 0.410588
0 0.431840 0.616079 0.120876 0.227022
0 0.348494 0.607414 0.022421 0.084917
0 0.303653 0.611746 0.096506 0.149037
0 0.243702 0.658537 0.124775 0.187163
0 0.158894 0.566688 0.064337 0.041592
0 0.127212 0.752118 0.250526 0.370860
5 0.218844 0.549358 0.014622 0.038126
5 0.199836 0.555424 0.017547 0.050257
0 0.947379 0.870532 0.102966 0.251695
9 0.767773 0.759246 0.249225 0.478429
8 0.709855 0.839330 0.109987 0.318259
3 0.221350 0.491950 0.022231 0.010401
