3 0.667602 0.425556 0.052360 0.088866
3 0.289716 0.472194 0.011193 0.026020
3 0.053967 0.441534 0.016358 0.033673
4 0.219704 0.478269 0.012054 0.036735
4 0.261461 0.499697 0.009471 0.033673
4 0.035887 0.461432 0.012915 0.021429
0 0.164602 0.559391 0.020663 0.033673
0 0.137481 0.579289 0.037022 0.052041
0 0.074926 0.578409 0.067678 0.080894
0 0.341101 0.613728 0.080931 0.087245
0 0.036669 0.673283 0.073339 0.298470
0 0.506407 0.687824 0.203189 0.208163
0 0.372956 0.666395 0.098151 0.088776
0 0.268231 0.572401 0.015497 0.022959
3 0.218625 0.535168 0.007749 0.013776
0 0.197017 0.595939 0.051645 0.086713
3 0.669120 0.497519 0.047031 0.046903
