3 0.588903 0.364286 0.024107 0.039796
3 0.507111 0.397194 0.008610 0.016837
3 0.434790 0.402551 0.012054 0.018367
3 0.714691 0.304898 0.033578 0.058163
4 0.228649 0.094351 0.017219 0.075000
4 0.472365 0.298688 0.009471 0.024490
4 0.502068 0.303061 0.005166 0.024490
4 0.463919 0.353827 0.004305 0.022959
0 0.394539 0.422449 0.018941 0.029082
0 0.384638 0.427041 0.016358 0.029082
0 0.374694 0.431021 0.022385 0.033673
0 0.361779 0.432551 0.018941 0.039796
0 0.496091 0.425663 0.008610 0.026020
0 0.503840 0.422602 0.015497 0.032143
0 0.549471 0.437143 0.024107 0.058163
0 0.567982 0.440204 0.038744 0.067347
0 0.586579 0.453214 0.038744 0.084184
0 0.335409 0.433273 0.041327 0.050510
0 0.525192 0.427424 0.030995 0.036735
0 0.653734 0.455663 0.114509 0.142347
0 0.010188 0.520860 0.020376 0.117857
3 0.181797 0.078414 0.052453 0.042386
0 0.416643 0.421742 0.025034 0.029670
