3 0.845283 0.168302 0.029207 0.039390
4 0.811544 0.408223 0.026185 0.035809
4 0.826826 0.324070 0.022506 0.082358
5 0.604076 0.529974 0.022157 0.143236
5 0.564294 0.518336 0.025178 0.116379
0 0.401139 0.497745 0.021150 0.028647
0 0.424807 0.502222 0.026185 0.037599
0 0.467610 0.517440 0.073520 0.096684
0 0.296398 0.484317 0.011078 0.041180
7 0.255609 0.445822 0.064456 0.132493
7 0.232949 0.496850 0.067478 0.076989
5 0.194678 0.475365 0.019135 0.076989
0 0.343230 0.504012 0.094670 0.155769
0 0.942561 0.594701 0.113360 0.128687
5 0.838079 0.559494 0.032779 0.189389
4 0.635260 0.015262 0.020487 0.030524
