4 0.173176 0.342075 0.017342 0.072626
4 0.735245 0.296764 0.015672 0.060681
4 0.737155 0.353439 0.014813 0.027721
4 0.171912 0.404723 0.019491 0.024949
4 0.587463 0.371458 0.010135 0.016632
3 0.623327 0.374923 0.010135 0.018018
3 0.650224 0.343737 0.009356 0.022177
3 0.937524 0.293840 0.045999 0.027721
4 0.978065 0.311165 0.017932 0.034651
0 0.324333 0.468480 0.084202 0.094250
0 0.536396 0.449076 0.054575 0.060986
0 0.661139 0.437294 0.040542 0.062372
0 0.430364 0.460857 0.059253 0.079004
0 0.462720 0.444225 0.038203 0.062372
0 0.387094 0.454620 0.039762 0.063758
0 0.252995 0.478183 0.066270 0.080390
0 0.578497 0.438681 0.034304 0.051283
0 0.633072 0.432443 0.017152 0.044353
0 0.618259 0.424820 0.017152 0.026335
0 0.514956 0.428285 0.008576 0.013860
0 0.486499 0.436601 0.018711 0.016632
0 0.498973 0.432443 0.007796 0.016632
