0 0.479111 0.599794 0.019716 0.051546
0 0.471572 0.605979 0.018557 0.059794
0 0.437938 0.610103 0.055670 0.092784
0 0.395026 0.607010 0.020876 0.032990
0 0.358492 0.609072 0.033634 0.053608
0 0.326598 0.614227 0.027835 0.039175
0 0.298183 0.621443 0.042912 0.053608
0 0.270348 0.627629 0.033634 0.053608
0 0.215258 0.631753 0.090464 0.090722
6 0.518544 0.544124 0.056830 0.109278
0 0.534201 0.618351 0.062629 0.080412
0 0.580013 0.605980 0.031314 0.051546
0 0.595090 0.618351 0.031314 0.072165
0 0.634523 0.627629 0.073067 0.090722
3 0.580477 0.515258 0.010438 0.014433
3 0.581057 0.533815 0.011598 0.018557
3 0.615851 0.475052 0.016237 0.032990
3 0.614771 0.503505 0.014077 0.023918
4 0.475863 0.545155 0.010438 0.012371
5 0.694717 0.612371 0.012758 0.072165
5 0.708054 0.607217 0.013918 0.078351
5 0.724291 0.609278 0.011598 0.070103
5 0.817075 0.611340 0.018557 0.090722
5 0.804897 0.611340 0.017397 0.107217
5 0.790980 0.609278 0.015077 0.107217
5 0.856508 0.611340 0.030155 0.107217
5 0.871005 0.605155 0.022036 0.098969
3 0.834747 0.442268 0.046392 0.035052
5 0.100925 0.634987 0.019716 0.080412
