4 0.441587 0.350837 0.016398 0.058222
4 0.323013 0.480861 0.013876 0.022425
4 0.459877 0.337340 0.015137 0.044850
4 0.659727 0.561912 0.019092 0.026910
4 0.092804 0.616854 0.010091 0.024668
4 0.334366 0.582095 0.011353 0.031395
4 0.815688 0.524911 0.021444 0.042608
3 0.658641 0.487589 0.032797 0.022425
3 0.677472 0.425599 0.029013 0.020183
3 0.660443 0.359444 0.030274 0.017940
3 0.322383 0.521867 0.025228 0.040365
0 0.275710 0.649371 0.060548 0.062791
0 0.170382 0.675160 0.051718 0.069518
0 0.220838 0.675160 0.054241 0.087458
0 0.541239 0.683329 0.013876 0.017940
0 0.783432 0.656419 0.064332 0.067276
0 0.575297 0.686693 0.013876 0.020183
0 0.559530 0.681086 0.022706 0.035880
