4 0.319265 0.046432 0.019491 0.087320
4 0.521193 0.183650 0.014813 0.059600
4 0.245588 0.391555 0.007796 0.023563
4 0.289197 0.040888 0.017256 0.081776
4 0.504820 0.185280 0.011695 0.062860
4 0.229216 0.389476 0.014034 0.030493
4 0.495855 0.184343 0.007796 0.058214
3 0.226877 0.333342 0.028067 0.015246
3 0.224148 0.353439 0.035084 0.016632
3 0.723901 0.278593 0.024169 0.008316
3 0.723511 0.307700 0.021830 0.041581
4 0.505210 0.412346 0.004678 0.015246
4 0.546531 0.417197 0.006237 0.016632
4 0.505210 0.435908 0.006237 0.009702
4 0.538345 0.435215 0.008576 0.011088
0 0.390213 0.495508 0.052236 0.059600
0 0.433873 0.492043 0.033525 0.036037
0 0.636191 0.501745 0.068609 0.072074
0 0.522752 0.479569 0.022610 0.030493
0 0.489228 0.479569 0.025728 0.033265
0 0.570700 0.487885 0.038982 0.049897
0 0.600717 0.503131 0.017932 0.058214
0 0.541074 0.472638 0.012474 0.024949
0 0.521583 0.456699 0.015593 0.012474
0 0.537955 0.455313 0.012474 0.015246
0 0.498583 0.458085 0.017932 0.012474
3 0.441669 0.431750 0.008576 0.009702
4 0.718708 0.381908 0.004996 0.024868
