3 0.204222 0.357863 0.030219 0.015597
3 0.823713 0.236553 0.021446 0.046791
3 0.824200 0.272946 0.020471 0.012131
3 0.828099 0.296342 0.008773 0.020796
3 0.836385 0.318004 0.025345 0.008665
3 0.825662 0.353530 0.025345 0.013864
3 0.643861 0.373460 0.016572 0.022529
3 0.312913 0.395122 0.017547 0.010398
3 0.199836 0.336200 0.007798 0.020796
4 0.313888 0.337933 0.007798 0.045058
4 0.426966 0.343132 0.007798 0.027728
4 0.578548 0.343132 0.008773 0.027728
4 0.838335 0.395989 0.015597 0.025995
4 0.817864 0.348331 0.011698 0.051990
5 0.140372 0.592683 0.066287 0.235687
5 0.965060 0.507767 0.031194 0.121309
0 0.016572 0.638607 0.033143 0.154236
6 0.170591 0.523364 0.276845 0.305007
0 0.438176 0.572754 0.172541 0.344865
0 0.712585 0.512966 0.076035 0.090116
6 0.925093 0.493903 0.099430 0.072786
0 0.529321 0.493036 0.033143 0.043325
0 0.577574 0.487837 0.020471 0.029461
0 0.361654 0.488704 0.044841 0.041592
0 0.560515 0.486971 0.007798 0.024262
5 0.334359 0.483505 0.009748 0.051990
4 0.138771 0.081753 0.052784 0.093839
