4 0.141666 0.316088 0.013765 0.057100
4 0.156578 0.334441 0.018353 0.065257
4 0.265552 0.113180 0.025236 0.104003
4 0.300538 0.124396 0.026383 0.089728
4 0.764537 0.341579 0.018353 0.063218
4 0.783980 0.339539 0.016174 0.067296
4 0.507971 0.504381 0.010324 0.020393
4 0.431689 0.499282 0.009177 0.014275
4 0.424806 0.518656 0.006883 0.016314
4 0.442586 0.526813 0.008030 0.016314
4 0.453484 0.530891 0.006883 0.016314
3 0.206859 0.071714 0.066531 0.089048
3 0.151225 0.385423 0.035560 0.024471
3 0.819788 0.354834 0.027530 0.053021
3 0.928762 0.473112 0.032119 0.020393
3 0.314991 0.482288 0.011471 0.030589
3 0.353419 0.506760 0.008030 0.018353
3 0.488661 0.517976 0.011471 0.020393
3 0.505868 0.518995 0.016059 0.018353
3 0.522500 0.521035 0.014912 0.018353
0 0.129621 0.540408 0.259243 0.301813
0 0.880776 0.639653 0.237448 0.220242
0 0.926659 0.682137 0.143387 0.242674
0 0.268228 0.605665 0.051619 0.073414
0 0.370893 0.569637 0.029824 0.044864
0 0.342216 0.566579 0.036707 0.059139
0 0.313539 0.566579 0.039001 0.067296
0 0.271670 0.566579 0.079149 0.087689
0 0.411041 0.567938 0.027530 0.038746
0 0.442778 0.569977 0.022942 0.034668
7 0.471646 0.555363 0.021795 0.036707
0 0.559016 0.659366 0.325774 0.199849
