3 0.515034 0.535010 0.015593 0.016632
3 0.287377 0.592531 0.020271 0.009702
0 0.465643 0.645200 0.027288 0.045739
0 0.442254 0.659060 0.024169 0.037423
0 0.361950 0.656981 0.011695 0.030493
0 0.334273 0.664604 0.037423 0.045739
0 0.505054 0.663338 0.056134 0.063719
0 0.398633 0.677910 0.072507 0.081776
0 0.165339 0.677466 0.100742 0.070837
0 0.062510 0.698331 0.123964 0.128901
5 0.154508 0.694173 0.033525 0.151078
5 0.635679 0.653978 0.010915 0.056827
5 0.562003 0.647741 0.010135 0.038809
5 0.544071 0.653285 0.011695 0.041581
5 0.271024 0.670149 0.009356 0.048511
5 0.260499 0.674307 0.008576 0.048511
5 0.302210 0.669456 0.009356 0.036037
5 0.312345 0.668763 0.007796 0.045739
4 0.496449 0.605906 0.007175 0.021260
4 0.392409 0.552756 0.014350 0.025512
4 0.464161 0.604843 0.011959 0.023386
4 0.470738 0.534685 0.010763 0.023386
