0 0.061631 0.523073 0.118823 0.184533
0 0.891344 0.541284 0.213062 0.332644
0 0.141529 0.480582 0.098336 0.109263
0 0.721304 0.507291 0.176186 0.167536
0 0.315667 0.483010 0.075118 0.089838
0 0.358006 0.483010 0.034145 0.075270
0 0.398297 0.467228 0.035510 0.048561
0 0.267181 0.589845 0.207599 0.288939
4 0.237817 0.374962 0.009560 0.024281
4 0.273327 0.344611 0.009560 0.031565
4 0.396248 0.378604 0.006829 0.026709
3 0.177723 0.315474 0.020487 0.031565
6 0.266498 0.433929 0.036876 0.024281
3 0.782765 0.326401 0.055997 0.121403
3 0.026704 0.291194 0.022051 0.031565
5 0.611359 0.481796 0.016389 0.077698
5 0.522583 0.464800 0.008195 0.067986
5 0.535558 0.453874 0.009560 0.060701
7 0.564239 0.446590 0.064192 0.070414
5 0.447465 0.467228 0.005463 0.033993
3 0.237134 0.348253 0.010926 0.019424
3 0.385322 0.402884 0.028681 0.016996
3 0.422395 0.378257 0.012013 0.019831
3 0.437840 0.379783 0.013729 0.022881
5 0.577273 0.474359 0.012871 0.041186
5 0.509058 0.472071 0.012013 0.067119
