4 0.424244 0.399636 0.006035 0.019669
4 0.369428 0.396954 0.009052 0.025033
4 0.272369 0.439868 0.004023 0.014305
0 0.429776 0.464007 0.035203 0.055430
0 0.384012 0.464901 0.028162 0.035762
0 0.406643 0.463113 0.009052 0.014305
0 0.363394 0.458642 0.007041 0.019669
0 0.328191 0.466689 0.021122 0.028609
0 0.278907 0.462219 0.015087 0.026821
7 0.181848 0.442550 0.104603 0.134106
6 0.065573 0.431355 0.127946 0.244034
0 0.210513 0.469371 0.087504 0.087616
0 0.300531 0.468477 0.036209 0.057219
0 0.350821 0.467583 0.016093 0.026821
5 0.726988 0.478311 0.032185 0.148411
5 0.762191 0.474735 0.032185 0.151987
3 0.478054 0.430927 0.011064 0.021457
