4 0.588167 0.327620 0.011701 0.027042
5 0.006832 0.417065 0.013663 0.143529
5 0.070996 0.410825 0.021061 0.143529
5 0.038820 0.404584 0.031592 0.160170
5 0.265813 0.432666 0.024571 0.124807
5 0.392766 0.530432 0.014041 0.066564
5 0.396861 0.458668 0.012871 0.068644
5 0.335432 0.451387 0.016381 0.074884
5 0.380480 0.456587 0.012871 0.076965
5 0.360589 0.459708 0.015211 0.062404
5 0.790590 0.472188 0.014041 0.029122
5 0.773039 0.469068 0.016381 0.052003
5 0.601623 0.465948 0.015211 0.091525
3 0.210820 0.480509 0.038612 0.087365
0 0.823352 0.510671 0.102966 0.218413
10 0.736181 0.518991 0.085415 0.122727
8 0.637310 0.505470 0.058504 0.099846
8 0.663052 0.527312 0.063184 0.106086
