4 0.434303 0.403544 0.008190 0.033282
3 0.482276 0.486749 0.008190 0.016641
0 0.207895 0.549153 0.084245 0.124807
5 0.433718 0.484669 0.007020 0.037442
5 0.508603 0.507550 0.011701 0.066564
5 0.529664 0.510671 0.011701 0.081125
5 0.534929 0.502350 0.015211 0.072804
5 0.546045 0.489869 0.007020 0.072804
5 0.554235 0.484669 0.014041 0.070724
5 0.564766 0.486749 0.011701 0.049923
5 0.454779 0.508591 0.007020 0.039522
5 0.464140 0.507550 0.007020 0.041602
5 0.481106 0.510671 0.008190 0.035362
5 0.595188 0.523151 0.011701 0.072804
5 0.760753 0.501310 0.022231 0.120647
5 0.780644 0.496110 0.012871 0.110247
5 0.798195 0.503390 0.017551 0.133128
5 0.629120 0.504430 0.016381 0.093606
5 0.616834 0.506510 0.010531 0.081125
0 0.444249 0.503390 0.023401 0.041602
6 0.333092 0.420185 0.196572 0.461788
5 0.050520 0.552273 0.036272 0.180971
5 0.145881 0.501310 0.009361 0.037442
5 0.129500 0.503390 0.011701 0.037442
5 0.216085 0.466988 0.007020 0.035362
5 0.228956 0.471148 0.007020 0.031202
5 0.239487 0.471148 0.009361 0.027042
