4 0.483360 0.435234 0.006592 0.021094
4 0.540049 0.431718 0.009229 0.023437
4 0.423374 0.456328 0.005273 0.021094
4 0.478745 0.441093 0.007910 0.028125
4 0.373936 0.468047 0.006592 0.021094
3 0.258580 0.396562 0.015820 0.032812
3 0.626402 0.390703 0.029004 0.039844
3 0.516319 0.441093 0.017139 0.014062
3 0.398326 0.452812 0.018457 0.014062
0 0.402940 0.510234 0.035596 0.044531
0 0.371299 0.511406 0.038232 0.060937
0 0.325157 0.524297 0.075146 0.086719
0 0.262535 0.532500 0.058008 0.121875
0 0.528843 0.499687 0.018457 0.046875
0 0.542686 0.504375 0.019775 0.056250
0 0.562461 0.512578 0.043506 0.072656
0 0.596079 0.520781 0.060644 0.093750
0 0.636948 0.536015 0.084375 0.124219
0 0.700230 0.564140 0.139746 0.166406
0 0.455674 0.520781 0.080420 0.121875
0 0.141155 0.596953 0.282310 0.630468
0 0.861729 0.592265 0.275537 0.363281
