0 0.119286 0.616093 0.238572 0.264733
0 0.190623 0.496201 0.045999 0.055441
0 0.235063 0.496201 0.041321 0.060986
0 0.282621 0.489964 0.058473 0.076232
0 0.319655 0.476797 0.020271 0.049897
0 0.341095 0.465015 0.031965 0.054055
0 0.367993 0.453927 0.020271 0.042967
0 0.379687 0.446304 0.017152 0.041581
0 0.398009 0.444225 0.017932 0.020791
0 0.416331 0.456006 0.015593 0.030493
0 0.515735 0.668763 0.272096 0.353439
4 0.022220 0.321560 0.024169 0.074846
4 0.494685 0.256417 0.017932 0.058214
4 0.010525 0.422048 0.016373 0.026335
4 0.509109 0.255031 0.014034 0.055441
3 0.111099 0.406802 0.025728 0.037423
3 0.524701 0.286910 0.014034 0.038809
3 0.555497 0.394327 0.022610 0.034651
3 0.557447 0.362449 0.034304 0.045739
3 0.843576 0.227310 0.056134 0.036037
3 0.484302 0.364242 0.013750 0.036609
3 0.482473 0.392941 0.012729 0.018018
3 0.441279 0.368686 0.040542 0.024949
3 0.028457 0.268891 0.031965 0.033265
3 0.029237 0.191273 0.021050 0.038809
3 0.671665 0.382546 0.025728 0.049897
3 0.702850 0.324333 0.022610 0.060986
3 0.444008 0.434522 0.010135 0.015246
0 0.405416 0.430364 0.014034 0.020791
0 0.752748 0.545405 0.027288 0.062372
0 0.569531 0.474024 0.041321 0.041581
