4 0.557341 0.293092 0.005995 0.017763
4 0.599307 0.284211 0.005995 0.021316
4 0.317039 0.283322 0.006994 0.015987
3 0.148178 0.307303 0.008993 0.014211
3 0.568332 0.344605 0.007993 0.014211
5 0.971500 0.352599 0.010991 0.026645
0 0.283067 0.373914 0.018984 0.026645
0 0.262084 0.368586 0.024979 0.026645
0 0.228612 0.366809 0.039967 0.030197
0 0.185148 0.372138 0.040966 0.030197
0 0.136188 0.373026 0.028976 0.042632
0 0.064747 0.379243 0.039967 0.033750
0 0.024880 0.378540 0.049759 0.050107
0 0.308546 0.381020 0.047961 0.126118
0 0.102628 0.374803 0.036144 0.039079
0 0.682605 0.364737 0.014988 0.024868
0 0.666618 0.364737 0.014988 0.017763
0 0.646634 0.362961 0.018984 0.021316
0 0.629648 0.363849 0.012989 0.015987
0 0.614161 0.363849 0.017985 0.015987
0 0.596176 0.360296 0.013988 0.015987
0 0.545218 0.359408 0.011990 0.010658
0 0.425949 0.340164 0.214823 0.431645
