5 0.188576 0.544528 0.054057 0.151017
5 0.233624 0.546054 0.075508 0.147966
5 0.328438 0.543003 0.028316 0.077797
5 0.298407 0.548342 0.023167 0.057966
5 0.276097 0.546054 0.023167 0.062542
5 0.379921 0.548342 0.018019 0.045763
5 0.357612 0.554444 0.016303 0.033559
5 0.418105 0.563596 0.008581 0.015254
5 0.522787 0.597918 0.042903 0.135763
5 0.530509 0.597156 0.056631 0.137288
5 0.579418 0.627664 0.015445 0.082373
5 0.666510 0.678003 0.060922 0.311186
5 0.598295 0.623851 0.015445 0.111356
4 0.722713 0.317240 0.012013 0.077797
4 0.331442 0.446901 0.025742 0.056441
4 0.331871 0.443851 0.026600 0.059492
4 0.704694 0.331732 0.015445 0.064068
4 0.590573 0.528512 0.013729 0.039661
4 0.708555 0.543003 0.011155 0.032034
4 0.759180 0.567410 0.011155 0.022881
4 0.737729 0.563596 0.007722 0.021356
3 0.364906 0.323342 0.051483 0.028983
3 0.356325 0.291308 0.013729 0.022881
3 0.609879 0.446139 0.026600 0.024407
3 0.656214 0.383596 0.007722 0.048814
0 0.751886 0.614698 0.036038 0.041186
0 0.728290 0.618512 0.011155 0.030508
0 0.716277 0.607834 0.014587 0.024407
0 0.706410 0.605545 0.012013 0.028983
0 0.302268 0.777156 0.593771 0.421017
0 0.850133 0.713851 0.292595 0.562881
