3 0.149146 0.383338 0.033143 0.017330
3 0.794956 0.419731 0.036068 0.020796
3 0.667256 0.305353 0.034118 0.038126
3 0.627289 0.305353 0.034118 0.041592
3 0.523959 0.439660 0.045816 0.029461
4 0.337284 0.211772 0.015597 0.090116
4 0.579523 0.306220 0.016572 0.064121
4 0.410394 0.454390 0.007798 0.020796
4 0.485942 0.465655 0.008773 0.022529
4 0.821276 0.471720 0.014622 0.031194
4 0.120389 0.447458 0.012673 0.027728
4 0.173516 0.275892 0.017547 0.065854
4 0.358242 0.221303 0.022421 0.081451
4 0.807141 0.475186 0.011698 0.031194
4 0.135986 0.446592 0.010723 0.029461
4 0.423067 0.491650 0.005849 0.015597
0 0.403570 0.528043 0.023395 0.022529
0 0.403570 0.510713 0.015597 0.019063
0 0.423554 0.518511 0.016572 0.031194
0 0.426478 0.541040 0.028269 0.034660
0 0.461084 0.508980 0.017547 0.025995
0 0.479605 0.520244 0.017547 0.024262
0 0.447437 0.541040 0.035093 0.045058
5 0.591221 0.564435 0.024370 0.102247
5 0.565876 0.556637 0.030219 0.110911
5 0.822250 0.586964 0.041917 0.181964
5 0.715996 0.564435 0.020471 0.109178
5 0.686265 0.542773 0.013647 0.065854
5 0.320712 0.543639 0.021446 0.116110
5 0.207634 0.550571 0.017547 0.095315
5 0.149146 0.530642 0.021446 0.055456
5 0.129649 0.545372 0.021446 0.098781
5 0.106741 0.544506 0.024370 0.117843
5 0.071648 0.543640 0.030219 0.126508
5 0.049228 0.559236 0.018521 0.123042
5 0.036068 0.554904 0.021446 0.138639
5 0.018034 0.554037 0.024370 0.150770
5 0.661407 0.534975 0.008773 0.036393
5 0.654096 0.543639 0.009748 0.043325
5 0.917294 0.553171 0.025345 0.065854
0 0.252963 0.547105 0.084808 0.112644
0 0.941177 0.610360 0.116002 0.128241
