3 0.036467 0.564407 0.012871 0.021356
3 0.033893 0.583474 0.007722 0.013729
3 0.103824 0.564407 0.010297 0.015254
3 0.239396 0.586525 0.013729 0.013729
3 0.471070 0.506441 0.015445 0.018305
3 0.474931 0.525508 0.009439 0.010678
3 0.565026 0.474407 0.019735 0.027458
0 0.301605 0.615127 0.033464 0.019831
0 0.343220 0.621610 0.046335 0.068644
0 0.447902 0.620085 0.061780 0.074746
0 0.323056 0.609407 0.007722 0.022881
0 0.417871 0.604830 0.018877 0.035085
0 0.574036 0.652119 0.144153 0.239491
4 0.359094 0.504534 0.004290 0.019831
4 0.355662 0.504915 0.004290 0.018305
3 0.364672 0.560593 0.012013 0.016780
0 0.795985 0.722288 0.405000 0.398136
