3 0.259786 0.143838 0.024370 0.045058
4 0.473757 0.278145 0.007798 0.022529
4 0.485454 0.278145 0.007798 0.019063
3 0.509337 0.302407 0.008773 0.015597
3 0.514211 0.248684 0.010723 0.046791
0 0.501539 0.324936 0.016572 0.032927
0 0.486429 0.324936 0.013647 0.025995
0 0.467420 0.324936 0.020471 0.022529
0 0.455723 0.322336 0.018521 0.034660
0 0.510799 0.326669 0.021446 0.036393
4 0.538094 0.306740 0.007798 0.010398
4 0.531270 0.308473 0.007798 0.013864
0 0.531758 0.323203 0.022421 0.019063
0 0.528833 0.350064 0.039967 0.048524
0 0.584885 0.345732 0.081884 0.133440
0 0.429890 0.337933 0.040942 0.069320
0 0.683340 0.409853 0.134523 0.157702
3 0.621927 0.228755 0.011698 0.062388
3 0.386999 0.274679 0.009748 0.015597
5 0.845646 0.390790 0.038018 0.220090
5 0.895848 0.394256 0.056539 0.227022
5 0.956286 0.386457 0.052640 0.204493
5 0.985043 0.475706 0.024370 0.123042
5 0.327535 0.337933 0.015597 0.045058
5 0.288543 0.347465 0.013647 0.036393
3 0.212508 0.280745 0.011698 0.027728
