3 0.050872 0.487461 0.053531 0.103323
4 0.040549 0.368503 0.028295 0.077492
4 0.681773 0.279455 0.024471 0.070695
4 0.987664 0.119032 0.022942 0.048943
0 0.424060 0.538443 0.022942 0.033988
0 0.461531 0.547280 0.053531 0.065257
0 0.552152 0.569712 0.106297 0.134592
0 0.349116 0.598262 0.116239 0.167221
4 0.347969 0.516011 0.008412 0.035347
4 0.284879 0.524168 0.010706 0.029909
0 0.234025 0.540482 0.061943 0.067976
6 0.170170 0.528247 0.047413 0.051662
6 0.139198 0.621373 0.152181 0.159063
0 0.029460 0.594863 0.055060 0.089728
0 0.632066 0.511932 0.078002 0.084290
