3 0.108204 0.426316 0.019496 0.034660
3 0.558565 0.387324 0.021446 0.057189
3 0.777897 0.221823 0.025345 0.020796
3 0.777409 0.267747 0.026320 0.064121
3 0.989430 0.378659 0.019496 0.050257
3 0.989917 0.418518 0.016572 0.015597
3 0.329485 0.447112 0.031194 0.041592
3 0.536632 0.457510 0.024370 0.024262
3 0.504463 0.454044 0.034118 0.020796
3 0.574162 0.467041 0.007798 0.019063
4 0.213970 0.289410 0.010723 0.045058
4 0.360191 0.292009 0.010723 0.046791
4 0.445487 0.292876 0.009748 0.045058
3 0.477656 0.008665 0.333384 0.017330
5 0.746215 0.512099 0.022421 0.147304
5 0.690651 0.508633 0.018521 0.154236
5 0.841747 0.527696 0.026320 0.133440
0 0.467908 0.572754 0.232004 0.400321
0 0.037043 0.698396 0.074085 0.315404
0 0.200323 0.548492 0.100405 0.133440
0 0.250038 0.516432 0.073111 0.097048
0 0.279282 0.484371 0.032169 0.050257
0 0.320712 0.517298 0.074085 0.102247
0 0.376276 0.496502 0.037043 0.081451
0 0.629726 0.498235 0.023395 0.036393
0 0.588784 0.498235 0.044841 0.043325
0 0.555153 0.506900 0.022421 0.032927
0 0.969446 0.503434 0.059463 0.084917
0 0.895848 0.510366 0.037043 0.046791
0 0.793494 0.521631 0.062388 0.055456
0 0.872453 0.519031 0.054589 0.060655
4 0.096765 0.396562 0.009439 0.022881
