4 0.334847 0.416025 0.012871 0.058243
4 0.241827 0.494030 0.021061 0.031202
4 0.231296 0.599076 0.014041 0.029122
4 0.673583 0.460748 0.009361 0.052003
4 0.699324 0.573074 0.014041 0.022881
4 0.352983 0.420185 0.016381 0.049923
3 0.699324 0.529392 0.023401 0.018721
3 0.686453 0.556433 0.025742 0.022881
3 0.296820 0.596996 0.028082 0.033282
3 0.250017 0.455547 0.030422 0.020801
3 0.333677 0.584515 0.010531 0.037442
3 0.491052 0.618837 0.009361 0.014561
3 0.412072 0.617797 0.012871 0.029122
9 0.468820 0.647959 0.025742 0.056163
8 0.471160 0.685401 0.014041 0.035362
5 0.426113 0.643799 0.047973 0.093606
5 0.280439 0.659400 0.032762 0.087365
5 0.251772 0.702042 0.045633 0.180971
5 0.024194 0.784207 0.039782 0.262096
5 0.012097 0.797728 0.024194 0.243375
5 0.558916 0.676041 0.018721 0.087365
0 0.394521 0.637558 0.017551 0.022881
0 0.377555 0.642759 0.018721 0.020801
0 0.387500 0.666680 0.031592 0.027042
