0 0.874372 0.607084 0.159827 0.171869
0 0.665427 0.596689 0.080303 0.131673
4 0.456482 0.373537 0.013254 0.054055
3 0.582005 0.313244 0.010135 0.055441
4 0.573039 0.317402 0.007796 0.058214
4 0.560565 0.313244 0.009356 0.052669
3 0.461160 0.506596 0.016373 0.062372
3 0.461940 0.446304 0.025728 0.024949
3 0.461160 0.424820 0.014813 0.020791
3 0.486499 0.507982 0.017152 0.031879
3 0.752358 0.426899 0.053016 0.013860
3 0.839678 0.492043 0.023389 0.019405
3 0.839678 0.470559 0.012474 0.015246
3 0.836170 0.410267 0.027288 0.024949
4 0.688817 0.424820 0.007017 0.034651
4 0.648275 0.515606 0.007017 0.019405
3 0.752358 0.462936 0.010915 0.024949
3 0.754307 0.503131 0.008576 0.016632
4 0.513397 0.507289 0.005458 0.013860
4 0.553938 0.471252 0.003898 0.024949
0 0.590192 0.589758 0.031186 0.040195
0 0.419839 0.586293 0.038203 0.033265
0 0.368382 0.598768 0.058473 0.055441
0 0.141506 0.608470 0.099015 0.074846
0 0.716884 0.599461 0.042881 0.079004
0 0.617479 0.582828 0.020271 0.042967
7 0.484218 0.568517 0.063814 0.066045
0 0.291587 0.600154 0.095117 0.083162
0 0.213623 0.606391 0.048338 0.059600
0 0.046389 0.583521 0.089659 0.194045
0 0.550820 0.580056 0.010135 0.018018
6 0.605005 0.559266 0.018711 0.023563
3 0.567582 0.531545 0.010915 0.012474
