3 0.406236 0.478593 0.010547 0.028125
4 0.371299 0.473906 0.009229 0.018750
4 0.388438 0.473906 0.006592 0.018750
3 0.516319 0.346172 0.032959 0.025781
3 0.538072 0.311015 0.026367 0.021094
3 0.724619 0.234844 0.043506 0.089062
3 0.415464 0.464531 0.013184 0.014062
0 0.363389 0.496172 0.017139 0.025781
0 0.354161 0.507890 0.017139 0.035156
0 0.347569 0.511406 0.017139 0.037500
0 0.335704 0.513750 0.022412 0.051562
0 0.310655 0.516093 0.056689 0.070312
0 0.290220 0.534843 0.063281 0.084375
0 0.482041 0.525468 0.054053 0.065625
0 0.383164 0.499687 0.011865 0.023437
