4 0.230487 0.464507 0.009992 0.037303
4 0.221495 0.461842 0.007993 0.042632
4 0.429324 0.491151 0.007993 0.015987
4 0.422329 0.518684 0.007993 0.014211
4 0.441813 0.516908 0.004996 0.017763
3 0.182027 0.470724 0.038968 0.017763
3 0.671624 0.220263 0.044963 0.092368
3 0.674622 0.309967 0.040966 0.087039
3 0.676121 0.375691 0.037969 0.040855
3 0.684114 0.444079 0.029975 0.092368
0 0.393853 0.579967 0.026978 0.040855
6 0.433820 0.568421 0.042965 0.078158
3 0.448308 0.484934 0.009992 0.031974
3 0.472288 0.492928 0.037969 0.012434
0 0.456302 0.590625 0.021982 0.055066
7 0.507759 0.584408 0.090925 0.166974
6 0.341396 0.566645 0.071941 0.152763
0 0.276450 0.602171 0.049959 0.046184
0 0.168538 0.595262 0.057952 0.035362
5 0.226491 0.579849 0.009992 0.037067
0 0.795146 0.824211 0.409663 0.348158
