0 0.665293 0.584062 0.201709 0.174375
4 0.375913 0.496875 0.007910 0.023437
0 0.392393 0.528515 0.054053 0.053906
0 0.355479 0.540234 0.022412 0.072656
0 0.254624 0.529687 0.013184 0.032812
7 0.227598 0.512109 0.051416 0.086719
4 0.222325 0.446484 0.006592 0.030469
0 0.304722 0.570703 0.108105 0.185156
7 0.135313 0.522046 0.077783 0.137157
0 0.056780 0.582421 0.113560 0.157031
0 0.012615 0.761718 0.025230 0.262500
4 0.325816 0.430078 0.007910 0.030469
0 0.198594 0.568359 0.080420 0.096094
0 0.116197 0.567187 0.026367 0.075000
5 0.489297 0.532512 0.010531 0.049923
