0 0.455195 0.499921 0.015950 0.017328
0 0.433929 0.501496 0.021266 0.023629
0 0.488866 0.487319 0.026583 0.029930
0 0.537207 0.498989 0.047849 0.050408
0 0.662205 0.525823 0.108102 0.157526
0 0.713317 0.571820 0.193167 0.264644
3 0.184875 0.351959 0.025696 0.031505
3 0.393422 0.414294 0.014177 0.026779
3 0.413802 0.471791 0.010633 0.018903
3 0.581272 0.430834 0.016836 0.025204
3 0.566652 0.422170 0.014177 0.023629
3 0.556019 0.434773 0.014177 0.014177
4 0.521018 0.388302 0.006203 0.022054
4 0.527347 0.390215 0.005317 0.018903
4 0.516271 0.390215 0.006203 0.022054
4 0.415258 0.410694 0.009747 0.018903
5 0.905418 0.497949 0.031899 0.154376
5 0.787287 0.472579 0.038988 0.129172
5 0.902921 0.129172 0.103672 0.144924
0 0.018102 0.510236 0.033484 0.025512
5 0.596304 0.475158 0.015546 0.057402
4 0.613480 0.433701 0.011959 0.010630
0 0.506449 0.496417 0.010763 0.017008
0 0.349357 0.616536 0.009567 0.008504
