4 0.261133 0.440986 0.008190 0.016641
4 0.417922 0.157049 0.017551 0.164330
4 0.572372 0.457627 0.010531 0.016641
4 0.529664 0.470108 0.007020 0.016641
4 0.711025 0.477389 0.009361 0.014561
4 0.856114 0.550193 0.014041 0.018721
4 0.249432 0.535632 0.010531 0.018721
4 0.560086 0.559554 0.009361 0.016641
3 0.695814 0.552273 0.007020 0.022881
0 0.136520 0.608436 0.147429 0.068644
0 0.512698 0.580355 0.012871 0.020801
0 0.498072 0.589715 0.018721 0.027042
0 0.475256 0.592836 0.026912 0.045763
0 0.458290 0.590755 0.009361 0.024961
0 0.448344 0.588675 0.015211 0.033282
0 0.431378 0.594916 0.023401 0.041602
0 0.402126 0.588675 0.018721 0.045763
0 0.374045 0.592836 0.042123 0.045763
0 0.682547 0.592489 0.035894 0.028428
0 0.763093 0.638598 0.090095 0.087365
0 0.980720 0.651079 0.036284 0.066564
0 0.985991 0.742605 0.025742 0.128968
0 0.883025 0.663560 0.170830 0.162250
3 0.910522 0.564754 0.012871 0.022881
3 0.529664 0.539792 0.009361 0.027042
3 0.846753 0.514831 0.018721 0.035362
3 0.066316 0.341140 0.046803 0.054083
4 0.180398 0.364022 0.012871 0.045763
4 0.196194 0.366102 0.018721 0.049923
3 0.604926 0.550540 0.014041 0.008320
0 0.650559 0.587982 0.023401 0.029122
