3 0.462906 0.386858 0.024012 0.016008
3 0.256804 0.352174 0.012006 0.014229
4 0.484416 0.384190 0.013006 0.028459
4 0.639516 0.341680 0.008004 0.030237
4 0.646820 0.341057 0.009004 0.024901
4 0.635314 0.342836 0.010005 0.028459
4 0.358177 0.334387 0.010005 0.035573
4 0.278137 0.321937 0.014007 0.035573
4 0.260129 0.319269 0.016008 0.030237
4 0.262630 0.283696 0.011005 0.033794
0 0.257027 0.461561 0.043021 0.044466
7 0.802196 0.410870 0.394195 0.629644
0 0.520934 0.641799 0.426211 0.492688
5 0.374085 0.474190 0.013006 0.067589
5 0.361579 0.472411 0.012006 0.071146
5 0.349072 0.469743 0.011005 0.069368
5 0.338567 0.470633 0.012006 0.074704
5 0.320058 0.471522 0.011005 0.065810
5 0.311554 0.468854 0.014007 0.071146
5 0.220009 0.463518 0.019009 0.081818
5 0.208003 0.465297 0.019009 0.078261
5 0.186492 0.456403 0.024012 0.096047
