3 0.192202 0.339490 0.032138 0.017956
3 0.148127 0.399072 0.028465 0.026119
3 0.189906 0.359078 0.009182 0.021221
3 0.016820 0.322349 0.032138 0.022854
4 0.253264 0.339490 0.011019 0.034281
4 0.313408 0.396624 0.010101 0.024486
4 0.399722 0.342754 0.011937 0.027751
4 0.387326 0.385197 0.007346 0.017956
3 0.399722 0.389278 0.010101 0.019589
4 0.190365 0.385197 0.013773 0.017956
3 0.331699 0.399940 0.015610 0.013059
3 0.433622 0.377902 0.008264 0.024486
0 0.415345 0.435853 0.023874 0.035913
0 0.440138 0.448912 0.029383 0.068561
0 0.531042 0.448912 0.034893 0.081620
0 0.625620 0.417896 0.042239 0.032648
0 0.169719 0.464692 0.103760 0.091415
0 0.246391 0.455713 0.056930 0.063664
0 0.310208 0.442654 0.037647 0.037545
0 0.371270 0.437757 0.027547 0.031016
0 0.562874 0.457346 0.078968 0.099577
0 0.480693 0.454081 0.067031 0.102842
0 0.075142 0.464420 0.046830 0.050605
0 0.015916 0.468501 0.029383 0.045707
0 0.924197 0.507134 0.147835 0.130593
5 0.745393 0.443147 0.019283 0.075091
5 0.837216 0.427639 0.010101 0.047340
5 0.829870 0.426823 0.008264 0.048972
