0 0.377867 0.575855 0.010926 0.016996
0 0.371038 0.580711 0.010926 0.016996
0 0.366258 0.583139 0.012292 0.031565
0 0.355331 0.581925 0.017755 0.029137
0 0.342356 0.578283 0.016389 0.041277
0 0.328016 0.581925 0.034145 0.053417
0 0.306846 0.579497 0.021853 0.043705
0 0.381964 0.585567 0.013658 0.036421
0 0.388110 0.574641 0.020487 0.038849
0 0.403817 0.584353 0.040974 0.063130
0 0.274750 0.578283 0.012292 0.016996
0 0.264507 0.583139 0.010926 0.016996
0 0.291140 0.570999 0.012292 0.016996
0 0.139651 0.432195 0.278620 0.859533
4 0.290912 0.361538 0.010926 0.050989
4 0.322325 0.506008 0.005463 0.019424
4 0.384468 0.523004 0.015024 0.024281
4 0.361250 0.531502 0.006829 0.021853
4 0.402906 0.544857 0.010926 0.014568
3 0.383649 0.377563 0.020487 0.016996
3 0.367259 0.415198 0.061460 0.067986
3 0.447840 0.517177 0.012292 0.014568
3 0.447158 0.530531 0.008195 0.021853
4 0.253524 0.514575 0.008195 0.026709
4 0.511657 0.333685 0.024584 0.067986
3 0.253524 0.540070 0.010926 0.019424
