4 0.380331 0.131186 0.017161 0.062542
4 0.546364 0.202881 0.012871 0.047288
4 0.551083 0.337119 0.006864 0.016780
4 0.575537 0.368390 0.007722 0.015254
4 0.395347 0.135000 0.016303 0.064068
4 0.367460 0.133475 0.012013 0.064068
4 0.535209 0.202881 0.011155 0.044237
4 0.555802 0.204407 0.012871 0.050339
4 0.299245 0.352373 0.011155 0.022881
4 0.041830 0.315000 0.014587 0.045763
4 0.011798 0.311949 0.021451 0.054915
3 0.684510 0.291356 0.024025 0.019831
3 0.623588 0.350847 0.015445 0.035085
3 0.962089 0.331017 0.024883 0.065593
3 0.715400 0.320339 0.017161 0.016780
5 0.984046 0.507966 0.026600 0.146441
5 0.961737 0.503063 0.043761 0.169322
5 0.936853 0.506114 0.019735 0.135763
0 0.523702 0.354661 0.010297 0.013729
0 0.516409 0.357712 0.009439 0.013729
0 0.510402 0.361525 0.009439 0.015254
0 0.501822 0.368390 0.009439 0.010678
0 0.496244 0.376017 0.012013 0.016780
0 0.449052 0.414370 0.049767 0.062542
0 0.600498 0.409031 0.045477 0.054915
0 0.558024 0.376017 0.018877 0.016780
5 0.540863 0.363051 0.013729 0.024407
0 0.482393 0.389528 0.020593 0.025932
0 0.390153 0.420036 0.062638 0.059492
0 0.454935 0.433002 0.054915 0.067119
0 0.541170 0.458935 0.102108 0.167797
0 0.799565 0.498051 0.229100 0.263898
0 0.165872 0.534116 0.331744 0.402712
3 0.180298 0.323935 0.030032 0.019831
4 0.682576 0.350260 0.015073 0.030624
4 0.851008 0.305388 0.024403 0.048488
