4 0.501966 0.369426 0.009526 0.034662
4 0.517637 0.418828 0.006592 0.027656
4 0.390664 0.401015 0.010050 0.030469
4 0.238804 0.242812 0.013184 0.046875
0 0.131146 0.536351 0.110828 0.087568
0 0.875229 0.707838 0.248537 0.529054
0 0.736081 0.607500 0.150849 0.178784
0 0.661451 0.544820 0.114471 0.139954
0 0.203492 0.523581 0.062597 0.076622
0 0.328537 0.511723 0.023900 0.041959
0 0.546750 0.502601 0.024628 0.045608
0 0.296875 0.519020 0.050283 0.060203
0 0.570830 0.511697 0.039951 0.052854
5 0.034172 0.519020 0.025655 0.089392
5 0.013033 0.512635 0.012519 0.098513
0 0.388718 0.501689 0.030785 0.040135
4 0.629697 0.453750 0.019775 0.023437
