5 0.333587 0.432410 0.014587 0.118983
5 0.322861 0.430884 0.012013 0.128136
5 0.934222 0.427071 0.060922 0.285254
5 0.952241 0.436223 0.071218 0.315763
5 0.820960 0.421732 0.088379 0.295932
5 0.787066 0.414105 0.049767 0.262373
5 0.743735 0.393512 0.050625 0.178475
5 0.639911 0.421732 0.042044 0.295932
3 0.391934 0.409529 0.012871 0.042712
0 0.269233 0.435461 0.102108 0.131186
0 0.209169 0.439274 0.035180 0.071695
0 0.214747 0.398851 0.030890 0.024407
0 0.192008 0.428596 0.016303 0.047288
0 0.161977 0.419444 0.038612 0.062542
0 0.035761 0.427119 0.037754 0.048814
5 0.084241 0.427881 0.009439 0.041186
0 0.075231 0.421780 0.053199 0.050339
0 0.011874 0.414915 0.023748 0.054915
0 0.121137 0.424068 0.042044 0.067119
