0 0.604561 0.421983 0.032783 0.046791
0 0.555869 0.401953 0.038232 0.063281
0 0.531480 0.407812 0.013184 0.018750
0 0.524229 0.414843 0.011865 0.032812
0 0.509068 0.412500 0.031641 0.046875
0 0.484019 0.400781 0.023730 0.028125
7 0.383164 0.391406 0.077783 0.131250
6 0.321202 0.399609 0.027686 0.039844
5 0.337681 0.414843 0.010547 0.051562
5 0.772739 0.399609 0.010547 0.072656
5 0.796470 0.404297 0.015820 0.077344
5 0.754941 0.408984 0.014502 0.063281
5 0.723301 0.397265 0.006592 0.053906
5 0.712095 0.397265 0.007910 0.044531
5 0.704185 0.404297 0.010547 0.025781
5 0.688364 0.404297 0.007910 0.030469
5 0.675840 0.411328 0.006592 0.025781
0 0.878208 0.482812 0.242578 0.337500
0 0.277037 0.433593 0.071191 0.070312
0 0.220347 0.403125 0.060644 0.075000
4 0.511704 0.371484 0.005273 0.021094
4 0.471494 0.370312 0.003955 0.018750
3 0.272946 0.293742 0.042892 0.064121
5 0.810065 0.394256 0.013647 0.050257
3 0.615591 0.382991 0.008773 0.017330
3 0.653121 0.223556 0.017547 0.034660
