0 0.286662 0.569760 0.026675 0.032990
0 0.382345 0.558419 0.016237 0.035052
0 0.369008 0.561512 0.022036 0.032990
0 0.337693 0.546048 0.024356 0.030928
0 0.316237 0.564605 0.039433 0.051546
0 0.253415 0.569072 0.052191 0.045361
0 0.346778 0.588660 0.048711 0.076289
0 0.427191 0.601031 0.099742 0.162887
3 0.418106 0.493127 0.026675 0.030928
3 0.638660 0.445017 0.037113 0.063918
3 0.640400 0.502749 0.022036 0.043299
3 0.539498 0.494502 0.019716 0.059794
4 0.091044 0.523711 0.019716 0.024742
4 0.181508 0.536083 0.012758 0.020619
4 0.198905 0.449485 0.012758 0.028866
4 0.236598 0.474227 0.006959 0.024742
4 0.142075 0.517182 0.017397 0.035052
4 0.271972 0.407904 0.015077 0.039175
4 0.504974 0.529691 0.013918 0.018557
5 0.566849 0.579382 0.006959 0.051546
5 0.533215 0.582474 0.011598 0.053608
5 0.721972 0.579382 0.024356 0.113402
5 0.635857 0.572165 0.012758 0.057732
