4 0.605654 0.296484 0.010547 0.016406
4 0.512050 0.287109 0.010547 0.021094
3 0.626352 0.298125 0.011865 0.018750
3 0.407900 0.326250 0.013184 0.014062
0 0.479487 0.390234 0.014502 0.016406
0 0.462348 0.385547 0.017139 0.035156
0 0.514423 0.391406 0.023730 0.032812
3 0.546064 0.387890 0.007910 0.021094
0 0.555293 0.390234 0.010547 0.030469
4 0.569795 0.390234 0.015820 0.025781
0 0.667485 0.426797 0.143701 0.196406
4 0.632573 0.357422 0.014024 0.023437
4 0.365185 0.353906 0.014502 0.025781
4 0.800903 0.314062 0.013184 0.021094
3 0.879345 0.234375 0.022412 0.035156
3 0.886596 0.274219 0.021094 0.035156
3 0.868139 0.276562 0.015820 0.030469
3 0.868139 0.179297 0.036914 0.046875
3 0.359253 0.335156 0.015820 0.016406
3 0.295733 0.272695 0.017979 0.038203
