4 0.393466 0.363281 0.007031 0.017187
4 0.413681 0.378125 0.005273 0.015625
4 0.427304 0.384375 0.006152 0.012500
4 0.442685 0.367187 0.003516 0.015625
4 0.458945 0.381250 0.002637 0.012500
4 0.483993 0.292187 0.007031 0.028125
4 0.542880 0.340625 0.007031 0.015625
0 0.243173 0.435156 0.033398 0.035937
0 0.309531 0.423437 0.021973 0.034375
0 0.331064 0.416406 0.022852 0.035937
0 0.353036 0.409375 0.010547 0.025000
0 0.431259 0.397656 0.012305 0.017187
0 0.455868 0.398437 0.015820 0.021875
0 0.498056 0.389844 0.010547 0.017187
0 0.483554 0.392187 0.013184 0.021875
0 0.525302 0.402344 0.035156 0.057812
0 0.569247 0.389844 0.017578 0.042187
0 0.585068 0.396875 0.021094 0.037500
0 0.617587 0.396094 0.043945 0.045312
0 0.681308 0.396094 0.074707 0.064062
3 0.668648 0.339795 0.014941 0.018750
