5 0.769026 0.440180 0.067262 0.232221
5 0.595998 0.441046 0.042892 0.143838
5 0.495105 0.444512 0.024370 0.081451
5 0.466835 0.441046 0.018521 0.064121
5 0.442953 0.445379 0.017547 0.055456
5 0.430280 0.442779 0.011698 0.036393
5 0.080909 0.481772 0.021446 0.051990
5 0.101380 0.480039 0.015597 0.051990
5 0.126238 0.467041 0.012673 0.046791
5 0.143784 0.474840 0.016572 0.041592
5 0.257739 0.473973 0.009748 0.057189
5 0.220209 0.480905 0.018521 0.057189
5 0.182462 0.493903 0.020471 0.069320
7 0.340381 0.393389 0.172541 0.315404
5 0.162966 0.485238 0.008773 0.055456
6 0.244677 0.462709 0.040942 0.093582
3 0.587494 0.254750 0.105279 0.058922
5 0.198861 0.482638 0.011698 0.050257
