4 0.200741 0.290937 0.021412 0.057100
4 0.367834 0.235876 0.029824 0.101964
4 0.396511 0.473112 0.009177 0.016314
4 0.427101 0.487387 0.007647 0.014955
4 0.400335 0.485347 0.006118 0.013595
3 0.433218 0.457477 0.018353 0.012236
0 0.422785 0.504672 0.007647 0.012236
0 0.405579 0.508751 0.008412 0.012236
0 0.368872 0.512149 0.011471 0.019033
0 0.397932 0.512829 0.006883 0.017674
0 0.413772 0.512829 0.014530 0.023112
0 0.432126 0.514189 0.013000 0.017674
3 0.017860 0.423263 0.033648 0.021752
3 0.007783 0.438217 0.015565 0.013595
4 0.864702 0.476471 0.020846 0.037059
