4 0.330460 0.246951 0.009748 0.046791
4 0.477168 0.285944 0.008773 0.041592
4 0.426478 0.401188 0.008773 0.019063
4 0.479118 0.403787 0.004874 0.017330
4 0.341183 0.248684 0.011698 0.046791
4 0.487891 0.284211 0.012673 0.038126
4 0.071161 0.375193 0.009748 0.036393
4 0.211533 0.406387 0.009748 0.022529
4 0.660920 0.415918 0.015597 0.020796
3 0.036068 0.261682 0.035093 0.017330
3 0.052640 0.371103 0.019496 0.066339
3 0.149146 0.384724 0.013647 0.034660
3 0.814452 0.135173 0.034118 0.062388
3 0.832973 0.189763 0.030219 0.046791
3 0.558077 0.407253 0.010723 0.024262
3 0.375788 0.425449 0.008773 0.012131
3 0.508362 0.444512 0.006824 0.019063
4 0.270509 0.401188 0.008773 0.019063
3 0.659458 0.361329 0.018521 0.015597
3 0.633138 0.406387 0.020471 0.012131
0 0.401621 0.463575 0.019496 0.029461
0 0.525421 0.467908 0.040942 0.041592
0 0.552716 0.478306 0.017547 0.051990
0 0.867767 0.494596 0.160244 0.105365
0 0.284644 0.491303 0.058488 0.077985
0 0.052640 0.539827 0.105279 0.181964
0 0.420142 0.482638 0.033143 0.053723
0 0.356780 0.503434 0.089682 0.126508
0 0.471320 0.483505 0.073111 0.135173
0 0.576599 0.487837 0.051665 0.074519
0 0.808116 0.499968 0.037043 0.064121
4 0.752314 0.348599 0.027223 0.040755
