3 0.542481 0.315404 0.038018 0.013864
3 0.310964 0.323203 0.013647 0.012131
4 0.434764 0.292009 0.007798 0.029461
4 0.509337 0.307606 0.006824 0.025995
0 0.477656 0.417651 0.015597 0.038126
0 0.463521 0.440180 0.030219 0.041592
0 0.449386 0.435847 0.021446 0.046791
0 0.421117 0.433248 0.050690 0.065854
0 0.340208 0.434114 0.101380 0.154236
0 0.123839 0.547377 0.247677 0.436217
0 0.599019 0.534628 0.307064 0.528562
7 0.732568 0.389057 0.260274 0.393389
5 0.216407 0.429498 0.029244 0.110343
5 0.864167 0.463575 0.014622 0.143838
5 0.917294 0.474840 0.040942 0.166367
