4 0.300847 0.357726 0.015497 0.052041
4 0.606430 0.246757 0.014636 0.062755
4 0.758822 0.449891 0.009471 0.022959
4 0.376613 0.494935 0.005166 0.016837
4 0.625741 0.245773 0.018080 0.061225
4 0.744554 0.454155 0.012915 0.030612
0 0.426611 0.551633 0.016358 0.018367
0 0.443830 0.554694 0.030134 0.039796
0 0.495058 0.558521 0.020663 0.035204
0 0.613010 0.560051 0.055102 0.084184
0 0.049875 0.571684 0.057685 0.038265
0 0.272005 0.558674 0.045631 0.042857
0 0.360746 0.555919 0.025829 0.027551
0 0.402073 0.564337 0.034439 0.035204
0 0.467507 0.564337 0.037883 0.041327
0 0.534662 0.560510 0.043048 0.048980
0 0.657781 0.563572 0.072321 0.094898
0 0.222561 0.600000 0.085236 0.090306
0 0.097720 0.608419 0.109343 0.094898
0 0.026260 0.586225 0.052519 0.062755
3 0.664669 0.271684 0.022385 0.068878
3 0.737851 0.407143 0.018941 0.024490
3 0.732255 0.425510 0.028412 0.015306
3 0.395099 0.491327 0.023246 0.012245
3 0.453214 0.476786 0.010332 0.022959
3 0.441161 0.472194 0.013776 0.022959
3 0.441591 0.494388 0.007749 0.021429
