4 0.284644 0.424583 0.013647 0.048524
4 0.658483 0.305873 0.018521 0.060655
4 0.458647 0.388190 0.020471 0.072786
4 0.784720 0.514699 0.007798 0.024262
4 0.754501 0.379525 0.031194 0.051990
4 0.942639 0.433248 0.017547 0.027728
4 0.524934 0.540693 0.008773 0.017330
4 0.553203 0.538960 0.010723 0.013864
4 0.783746 0.381258 0.019496 0.048524
3 0.737930 0.319737 0.029244 0.064121
3 0.749186 0.183957 0.043959 0.041072
3 0.736467 0.155103 0.020471 0.053723
3 0.920219 0.429782 0.021446 0.048524
3 0.919731 0.386457 0.036068 0.031194
5 0.963110 0.558023 0.042892 0.221823
5 0.989817 0.580552 0.018321 0.211425
0 0.464496 0.597016 0.036068 0.050257
0 0.483992 0.585751 0.026320 0.055456
0 0.589271 0.576220 0.028269 0.050257
0 0.558565 0.575353 0.013647 0.020796
0 0.897311 0.557157 0.069211 0.060655
0 0.936790 0.549358 0.019496 0.051990
4 0.294879 0.421117 0.012673 0.051990
3 0.301703 0.478306 0.020471 0.017330
0 0.507882 0.582632 0.014988 0.031974
0 0.829118 0.559539 0.053956 0.031974
0 0.784155 0.565757 0.027977 0.026645
