4 0.509091 0.562500 0.005166 0.022041
4 0.516840 0.561582 0.006199 0.020204
4 0.598976 0.567092 0.007232 0.023878
4 0.522522 0.585459 0.005166 0.020204
3 0.743981 0.489490 0.013431 0.009184
3 0.617418 0.588673 0.014464 0.009184
4 0.574542 0.619898 0.005166 0.016531
4 0.628060 0.533571 0.007232 0.027551
4 0.413265 0.598775 0.007232 0.042245
0 0.461824 0.661224 0.014464 0.020204
0 0.479388 0.658469 0.018597 0.018367
0 0.461824 0.684184 0.010332 0.022041
0 0.469056 0.684184 0.010332 0.018367
0 0.482487 0.680510 0.014464 0.029388
0 0.436204 0.810798 0.109933 0.376349
0 0.839774 0.500369 0.316148 0.995343
0 0.581671 0.746632 0.236594 0.224082
