5 0.227516 0.746950 0.038600 0.234566
5 0.331035 0.701409 0.014037 0.043669
5 0.313489 0.689556 0.012633 0.069871
5 0.288925 0.705776 0.011229 0.052403
5 0.173124 0.691636 0.018247 0.132255
5 0.148911 0.671049 0.031582 0.205869
5 0.130313 0.658572 0.014037 0.111044
5 0.111714 0.687269 0.023160 0.143484
5 0.084694 0.697250 0.035091 0.116035
4 0.411745 0.566243 0.014037 0.026201
0 0.364021 0.704528 0.051935 0.089834
0 0.647083 0.722316 0.030880 0.039926
0 0.499933 0.805474 0.286345 0.384288
0 0.873070 0.775343 0.252657 0.170933
4 0.762891 0.533595 0.016844 0.032440
3 0.236990 0.070494 0.092641 0.056146
3 0.216988 0.318993 0.035793 0.082347
3 0.203654 0.454991 0.042811 0.084843
3 0.800673 0.568114 0.035793 0.024954
3 0.788040 0.651710 0.027371 0.062384
5 0.810257 0.734764 0.016142 0.058641
5 0.829557 0.725406 0.008422 0.037431
5 0.840436 0.716049 0.006316 0.028697
