4 0.350865 0.299297 0.010547 0.035156
4 0.460948 0.255937 0.011865 0.042187
4 0.246714 0.398906 0.013184 0.023437
4 0.361411 0.298125 0.010547 0.037500
4 0.474131 0.255937 0.011865 0.037500
3 0.255943 0.353203 0.021094 0.016406
3 0.257920 0.240703 0.014502 0.058594
3 0.685068 0.285234 0.027686 0.077344
3 0.597398 0.303984 0.029004 0.021094
3 0.592124 0.375468 0.029004 0.051562
3 0.632993 0.394218 0.026367 0.046875
3 0.590147 0.441093 0.027686 0.046875
3 0.279673 0.398906 0.013184 0.023437
0 0.455674 0.463359 0.027686 0.058594
0 0.490611 0.478593 0.058008 0.070312
0 0.372618 0.580546 0.225439 0.316406
3 0.926328 0.420000 0.014502 0.042187
0 0.839316 0.607500 0.320361 0.332812
0 0.961924 0.775078 0.075146 0.288281
