3 0.280570 0.278275 0.041954 0.072099
3 0.788918 0.529380 0.032165 0.052210
3 0.786820 0.585320 0.025173 0.059669
3 0.486147 0.559215 0.016782 0.012431
3 0.479854 0.535432 0.012586 0.010273
4 0.623897 0.551223 0.006992 0.029834
4 0.574251 0.536306 0.008391 0.024862
0 0.550477 0.641969 0.011188 0.037293
0 0.529500 0.639483 0.039157 0.077072
0 0.736475 0.717798 0.075518 0.104420
0 0.839263 0.740174 0.185998 0.169061
5 0.436501 0.599704 0.012586 0.017403
5 0.425313 0.607163 0.009789 0.032320
5 0.416922 0.605919 0.015383 0.049724
5 0.396644 0.623323 0.025173 0.074586
5 0.400839 0.653157 0.019579 0.094475
5 0.351893 0.641969 0.013985 0.121823
5 0.291758 0.567384 0.013985 0.042265
5 0.205751 0.612135 0.018180 0.166575
5 0.196661 0.602190 0.013985 0.176519
5 0.141421 0.618350 0.012586 0.238674
5 0.118346 0.633268 0.033564 0.268508
5 0.084084 0.617107 0.046150 0.261050
5 0.049122 0.583544 0.046150 0.248619
5 0.180579 0.673047 0.026571 0.333149
5 0.153308 0.673047 0.072721 0.348066
5 0.230924 0.678552 0.068526 0.350552
5 0.291758 0.678552 0.041954 0.236188
5 0.337209 0.640016 0.026571 0.169061
5 0.321825 0.638773 0.029368 0.161602
5 0.364479 0.649960 0.019579 0.154144
0 0.460275 0.685122 0.118871 0.183978
5 0.671445 0.651204 0.009789 0.037293
5 0.735776 0.659905 0.015383 0.039779
3 0.299753 0.159435 0.053614 0.090116
0 0.605356 0.776380 0.171566 0.270347
5 0.680903 0.666335 0.008773 0.043325
5 0.701862 0.663736 0.009748 0.045058
5 0.695525 0.667202 0.006824 0.058922
5 0.944589 0.695796 0.019496 0.029461
5 0.915345 0.679333 0.005849 0.020796
5 0.007798 0.575353 0.015597 0.103980
