0 0.078472 0.511233 0.153045 0.322336
0 0.124775 0.438447 0.089682 0.121309
0 0.207147 0.458376 0.053614 0.123042
0 0.412344 0.442779 0.033143 0.105712
0 0.426478 0.407253 0.016572 0.038126
0 0.313888 0.512966 0.241752 0.433248
4 0.405033 0.269480 0.006824 0.032927
4 0.277333 0.292876 0.010723 0.024262
4 0.367990 0.359596 0.010723 0.015597
4 0.422579 0.364795 0.006824 0.019063
3 0.509337 0.265148 0.020471 0.031194
3 0.455723 0.343999 0.010723 0.019063
3 0.514211 0.342266 0.020471 0.015597
3 0.783258 0.137773 0.034118 0.050257
3 0.789594 0.227888 0.054589 0.098781
3 0.567826 0.359596 0.008773 0.012131
3 0.552229 0.358729 0.008773 0.027728
5 0.881714 0.441913 0.043866 0.159435
5 0.801292 0.436714 0.027295 0.124775
5 0.657995 0.461842 0.037043 0.095315
5 0.571237 0.428049 0.011698 0.072786
5 0.554666 0.420250 0.009748 0.057189
5 0.770098 0.438447 0.017547 0.117843
5 0.596582 0.417651 0.005849 0.045058
5 0.586347 0.420250 0.008773 0.071053
5 0.530783 0.417651 0.010723 0.048524
5 0.543943 0.418518 0.007798 0.046791
5 0.508850 0.421983 0.007798 0.050257
5 0.497639 0.419384 0.008773 0.055456
5 0.580985 0.413319 0.011698 0.046791
