3 0.617541 0.108312 0.059463 0.029461
3 0.750602 0.161168 0.023395 0.020796
3 0.642886 0.228755 0.010723 0.010398
4 0.547842 0.140372 0.007798 0.045058
4 0.627776 0.217490 0.009748 0.015597
4 0.517136 0.295475 0.008773 0.012131
4 0.483017 0.296342 0.006824 0.017330
4 0.729156 0.236553 0.005849 0.022529
4 0.755963 0.232221 0.020471 0.031194
4 0.535170 0.142972 0.013647 0.046791
0 0.560515 0.142105 0.013647 0.051990
0 0.228105 0.389057 0.226155 0.272080
0 0.495690 0.369994 0.057514 0.084917
0 0.576599 0.358729 0.030219 0.045058
0 0.358242 0.377792 0.071161 0.103980
0 0.404545 0.356996 0.044841 0.069320
0 0.440126 0.324069 0.026320 0.031194
0 0.460109 0.312805 0.019496 0.022529
0 0.522497 0.311939 0.011698 0.027728
0 0.534682 0.321470 0.016572 0.029461
9 0.723795 0.347465 0.016572 0.088383
8 0.729156 0.371727 0.050690 0.057189
0 0.479849 0.318870 0.015597 0.029461
0 0.494959 0.321470 0.018521 0.027728
3 0.572456 0.268614 0.007798 0.012131
4 0.644104 0.274679 0.010723 0.017330
