4 0.307952 0.347194 0.008004 0.024901
4 0.268433 0.352530 0.009004 0.021344
4 0.281939 0.357866 0.006003 0.017787
0 0.305451 0.396996 0.015007 0.032016
0 0.282440 0.410336 0.043021 0.069368
5 0.354475 0.396996 0.013006 0.049802
5 0.382489 0.392550 0.013006 0.044466
5 0.397496 0.392550 0.009004 0.051581
5 0.419007 0.405889 0.020010 0.078261
5 0.493544 0.360534 0.017008 0.030237
5 0.524059 0.420476 0.026013 0.141578
5 0.587590 0.408557 0.027013 0.129842
5 0.559076 0.413004 0.022011 0.149407
5 0.543068 0.408557 0.020010 0.147628
5 0.068832 0.283696 0.016012 0.027392
6 0.060520 0.438500 0.120678 0.297625
