3 0.452066 0.203093 0.142576 0.172653
3 0.677812 0.208603 0.135344 0.165306
0 0.623759 0.554877 0.024796 0.027551
0 0.680583 0.555612 0.022730 0.020204
0 0.703313 0.540918 0.016531 0.020204
0 0.226508 0.569388 0.017564 0.014694
3 0.038472 0.487653 0.040293 0.071633
3 0.191381 0.482143 0.042360 0.071633
3 0.318976 0.417857 0.030995 0.049592
3 0.318976 0.461020 0.014464 0.025714
3 0.538007 0.482143 0.018597 0.031224
3 0.677484 0.488571 0.016531 0.029388
0 0.972762 0.637347 0.051658 0.180000
3 0.070772 0.536326 0.030995 0.044082
