4 0.354099 0.435847 0.013647 0.024262
4 0.540775 0.422850 0.016572 0.025995
4 0.214214 0.486971 0.012673 0.019063
4 0.438907 0.522497 0.008773 0.013864
4 0.397965 0.522497 0.006824 0.013864
4 0.639230 0.532028 0.015597 0.029461
4 0.239072 0.515565 0.005849 0.020796
4 0.242971 0.515565 0.005849 0.017330
4 0.320224 0.515854 0.006824 0.017330
3 0.270509 0.440758 0.043866 0.020796
3 0.493090 0.465597 0.077010 0.024262
3 0.491141 0.430071 0.059463 0.050257
3 0.474082 0.389345 0.019496 0.031194
3 0.636225 0.475995 0.017547 0.013864
0 0.650197 0.590084 0.039967 0.039859
0 0.459134 0.575353 0.010723 0.027728
0 0.419167 0.566688 0.010723 0.017330
0 0.376276 0.580552 0.015597 0.027728
0 0.356780 0.586618 0.027295 0.043325
0 0.326073 0.572754 0.026320 0.022529
0 0.300728 0.575353 0.018521 0.024262
0 0.285619 0.587484 0.017547 0.031194
0 0.270022 0.590084 0.019496 0.036393
0 0.253450 0.590084 0.023395 0.043325
0 0.232492 0.591817 0.026320 0.050257
0 0.206659 0.577086 0.015597 0.017330
0 0.192037 0.572754 0.017547 0.019063
0 0.198861 0.603081 0.029244 0.038126
0 0.166205 0.610013 0.047766 0.051990
6 0.131112 0.559756 0.090657 0.069320
0 0.061413 0.605320 0.048740 0.051845
0 0.024370 0.618245 0.048740 0.071053
0 0.114540 0.619978 0.067262 0.060655
0 0.334846 0.599182 0.030219 0.043325
0 0.402596 0.580119 0.023395 0.036393
0 0.434764 0.585318 0.023395 0.032927
0 0.472624 0.581852 0.028929 0.036393
0 0.942395 0.599615 0.088708 0.055456
3 0.450118 0.551091 0.014622 0.020796
