4 0.414857 0.254946 0.009560 0.024281
4 0.502267 0.263444 0.006829 0.021853
4 0.966633 0.159038 0.042339 0.055845
4 0.479390 0.282464 0.010926 0.016187
0 0.521046 0.309982 0.025950 0.029137
0 0.524324 0.328516 0.015024 0.026709
0 0.538665 0.333373 0.019121 0.031565
0 0.598759 0.354011 0.057363 0.072842
0 0.634953 0.371007 0.075118 0.077698
0 0.505203 0.329730 0.017755 0.024281
0 0.491545 0.333373 0.017755 0.036421
0 0.480619 0.351583 0.031413 0.053417
0 0.426671 0.379506 0.106531 0.152968
0 0.365211 0.361295 0.049168 0.082554
0 0.307165 0.368579 0.088776 0.106835
0 0.028545 0.423211 0.055997 0.123831
3 0.381224 0.251131 0.031413 0.019424
3 0.232354 0.172219 0.031413 0.055845
5 0.565981 0.321718 0.010926 0.050989
5 0.572810 0.318076 0.013658 0.043705
5 0.550274 0.322932 0.009560 0.043705
5 0.701876 0.347213 0.020487 0.092266
5 0.727826 0.347213 0.015024 0.072842
5 0.744215 0.358139 0.015024 0.060701
5 0.773580 0.347213 0.019121 0.087410
5 0.718266 0.353283 0.020487 0.084982
