3 0.796905 0.434114 0.016572 0.039859
3 0.800317 0.341399 0.017547 0.051990
3 0.315838 0.301541 0.035093 0.027728
3 0.295367 0.339666 0.040942 0.034660
4 0.323636 0.214891 0.015597 0.031194
4 0.802267 0.377792 0.019496 0.038126
4 0.623877 0.376926 0.011698 0.029461
4 0.289518 0.402921 0.015597 0.036393
0 0.650684 0.458376 0.071161 0.060655
0 0.759375 0.544159 0.066287 0.072786
0 0.872844 0.545026 0.248769 0.469641
0 0.127700 0.571021 0.255400 0.677600
0 0.321199 0.543293 0.174491 0.150770
0 0.573674 0.648139 0.457185 0.457510
6 0.398696 0.423716 0.083833 0.098781
6 0.141116 0.422048 0.149692 0.223152
