4 0.392682 0.366530 0.009876 0.055441
4 0.238658 0.445842 0.008836 0.039733
4 0.083162 0.485113 0.021830 0.046201
4 0.407807 0.366838 0.014553 0.055441
4 0.386237 0.370072 0.007796 0.043429
4 0.246160 0.446766 0.008316 0.032341
4 0.659632 0.437064 0.009876 0.035113
4 0.669664 0.433830 0.008108 0.048973
3 0.104862 0.346509 0.034824 0.023101
3 0.111619 0.423665 0.016113 0.070226
3 0.363419 0.349743 0.033265 0.041581
3 0.682242 0.422279 0.012474 0.046201
3 0.694717 0.442030 0.014553 0.032572
3 0.696276 0.401027 0.017672 0.036961
3 0.695145 0.455429 0.018530 0.036730
3 0.941682 0.363604 0.028067 0.064682
3 0.992619 0.447228 0.013514 0.063758
0 0.024754 0.610252 0.048858 0.084218
0 0.558848 0.620351 0.043660 0.095175
0 0.888416 0.658347 0.220901 0.284508
6 0.535496 0.561807 0.036903 0.036961
6 0.412703 0.700898 0.326412 0.486037
0 0.687193 0.662460 0.193872 0.246715
3 0.775098 0.497356 0.012474 0.012012
3 0.767042 0.509831 0.022350 0.014784
3 0.754308 0.559728 0.012474 0.035113
5 0.171574 0.598768 0.015073 0.064682
3 0.243250 0.483958 0.023389 0.016632
