0 0.571090 0.632086 0.354040 0.595430
0 0.336740 0.489040 0.144834 0.191324
6 0.233143 0.430033 0.140811 0.091192
0 0.452406 0.429139 0.032185 0.060795
0 0.764203 0.451490 0.062359 0.069735
3 0.729000 0.284472 0.042243 0.025368
4 0.761688 0.327219 0.025145 0.042914
4 0.741069 0.328113 0.016093 0.033974
4 0.450898 0.261060 0.011064 0.042914
4 0.461961 0.262848 0.005029 0.042914
3 0.506216 0.345993 0.009052 0.016093
3 0.501690 0.356722 0.014081 0.008940
3 0.611825 0.371921 0.007041 0.017881
4 0.363394 0.371026 0.013075 0.019669
