0 0.061365 0.705147 0.120570 0.162025
0 0.125447 0.695865 0.049367 0.072574
0 0.380696 0.677074 0.070253 0.079325
0 0.292405 0.678762 0.072152 0.092827
0 0.231645 0.688045 0.060759 0.084388
0 0.343829 0.670323 0.031329 0.059072
0 0.533861 0.654289 0.051266 0.074262
0 0.465031 0.669479 0.057911 0.067511
0 0.578006 0.666104 0.033228 0.047257
3 0.519145 0.601969 0.010443 0.020253
3 0.566297 0.634880 0.008544 0.021941
3 0.640823 0.583403 0.026582 0.010127
3 0.704905 0.508298 0.014241 0.045570
3 0.707753 0.539522 0.025633 0.016878
3 0.706804 0.567370 0.025633 0.025316
3 0.658860 0.613783 0.011392 0.006751
3 0.663133 0.619690 0.010443 0.018565
3 0.616930 0.656821 0.025633 0.042194
0 0.690664 0.667510 0.045570 0.054008
0 0.737658 0.664979 0.021835 0.096202
0 0.806679 0.671677 0.112025 0.126582
5 0.812658 0.654008 0.029430 0.135021
5 0.985443 0.688607 0.019937 0.133333
5 0.964557 0.665823 0.029430 0.165401
5 0.944620 0.670042 0.023734 0.140084
4 0.960284 0.532489 0.020886 0.040506
4 0.938166 0.335812 0.027532 0.072574
4 0.925824 0.536656 0.025633 0.028692
3 0.958318 0.413140 0.032278 0.015190
3 0.965438 0.438095 0.044620 0.016878
3 0.946925 0.462929 0.039873 0.023629
4 0.587387 0.581917 0.015190 0.045570
4 0.605153 0.584689 0.015190 0.030380
3 0.417721 0.578541 0.032278 0.072574
0 0.424842 0.661917 0.023734 0.032453
4 0.028956 0.301941 0.016139 0.070548
4 0.005827 0.291983 0.011392 0.104641
