4 0.415848 0.280867 0.015497 0.044388
4 0.753779 0.384184 0.011193 0.030612
4 0.527344 0.401786 0.007749 0.016837
4 0.549729 0.386480 0.007749 0.016837
4 0.749905 0.339031 0.015497 0.032143
3 0.256999 0.340561 0.038744 0.062755
3 0.260013 0.391837 0.034439 0.039796
3 0.345249 0.340561 0.010332 0.026020
3 0.808881 0.355868 0.038744 0.068878
3 0.854513 0.325255 0.049075 0.041327
3 0.829975 0.280102 0.013776 0.042857
4 0.371508 0.402551 0.010332 0.019898
5 0.699538 0.476021 0.016358 0.081122
5 0.656274 0.461480 0.012484 0.067347
0 0.845903 0.497449 0.129145 0.114796
0 0.466015 0.622791 0.331013 0.461052
