5 0.029102 0.393679 0.022177 0.119637
5 0.050515 0.404555 0.019118 0.103323
5 0.226020 0.373966 0.015295 0.066616
5 0.239020 0.376685 0.016824 0.072054
5 0.255079 0.368528 0.007647 0.053021
5 0.265021 0.365809 0.009177 0.053021
5 0.284904 0.375326 0.016824 0.069335
5 0.298286 0.376005 0.017589 0.062538
5 0.744038 0.440582 0.025236 0.077492
5 0.770803 0.414752 0.017589 0.031269
5 0.804451 0.421549 0.011471 0.033988
4 0.169812 0.250930 0.017589 0.038066
4 0.408790 0.164601 0.015295 0.031269
4 0.816236 0.346450 0.018353 0.028550
4 0.715674 0.158157 0.017589 0.054381
4 0.734027 0.159517 0.019118 0.065257
0 0.320282 0.394217 0.029060 0.061178
0 0.486993 0.359550 0.019883 0.019033
0 0.493953 0.428793 0.030744 0.135768
0 0.516052 0.377223 0.021412 0.038066
0 0.647481 0.400335 0.022177 0.027190
0 0.678070 0.434323 0.071120 0.067976
0 0.577003 0.434819 0.139945 0.183535
0 0.406087 0.419184 0.152946 0.285498
0 0.914631 0.487160 0.168240 0.296375
