4 0.409147 0.379969 0.018721 0.041602
4 0.632630 0.356048 0.011701 0.035362
4 0.399201 0.519338 0.010531 0.029122
4 0.221935 0.479469 0.014041 0.027042
0 0.578222 0.560594 0.047973 0.093606
0 0.624440 0.556433 0.046803 0.064484
0 0.357664 0.605316 0.070204 0.128968
0 0.585827 0.536672 0.016381 0.024961
0 0.641930 0.562525 0.046803 0.062404
0 0.973645 0.665664 0.050313 0.159825
5 0.675277 0.547964 0.012871 0.062404
0 0.034484 0.701862 0.067505 0.162901
4 0.312555 0.558959 0.008190 0.016641
0 0.577576 0.516762 0.032762 0.041602
5 0.864828 0.533403 0.015211 0.062404
4 0.990026 0.391656 0.015211 0.055456
5 0.280257 0.573620 0.018521 0.069320
0 0.033631 0.585751 0.063363 0.055456
0 0.121851 0.581419 0.019496 0.060655
0 0.206659 0.582285 0.019496 0.031194
0 0.236391 0.587484 0.022421 0.048524
0 0.473757 0.609147 0.193012 0.306740
0 0.784720 0.633408 0.235904 0.237420
0 0.945076 0.606547 0.108204 0.138639
