3 0.192857 0.075765 0.103316 0.045918
3 0.152392 0.113265 0.034439 0.044388
4 0.262400 0.055461 0.011662 0.054385
4 0.252264 0.053571 0.010332 0.052041
4 0.278093 0.058163 0.018941 0.061225
4 0.646707 0.015306 0.017219 0.030612
4 0.666079 0.016071 0.019802 0.029082
4 0.627765 0.015306 0.022385 0.030612
3 0.473533 0.355102 0.010332 0.018367
3 0.474107 0.367857 0.008036 0.010204
3 0.511416 0.257908 0.010332 0.038265
0 0.016741 0.361506 0.033482 0.117857
0 0.501371 0.423470 0.046492 0.067347
0 0.409248 0.377551 0.005166 0.018367
0 0.404082 0.377551 0.005166 0.027551
0 0.399777 0.379847 0.005166 0.035204
0 0.386432 0.380612 0.024968 0.042857
0 0.389015 0.388265 0.009471 0.033673
0 0.381266 0.389031 0.011193 0.041327
0 0.372656 0.385970 0.014636 0.050510
0 0.364477 0.388265 0.020663 0.055102
0 0.351563 0.393623 0.027551 0.071939
0 0.464350 0.392092 0.017219 0.035204
3 0.465641 0.404337 0.011193 0.044388
3 0.474251 0.405868 0.016358 0.056633
0 0.491901 0.412755 0.044770 0.073469
0 0.429337 0.413521 0.065434 0.108674
0 0.859583 0.475367 0.148948 0.113265
3 0.952950 0.137867 0.074904 0.081122
4 0.972752 0.255129 0.035300 0.073469
0 0.881653 0.628376 0.232462 0.423980
7 0.283298 0.325207 0.119675 0.293878
5 0.167459 0.384184 0.023246 0.122449
5 0.130437 0.372704 0.035300 0.133163
3 0.110635 0.214286 0.016358 0.018367
3 0.114509 0.241072 0.015497 0.016837
4 0.087388 0.254082 0.018080 0.024490
