0 0.336920 0.464949 0.098582 0.107217
0 0.429124 0.462887 0.020876 0.024742
0 0.492912 0.474227 0.011598 0.022680
0 0.506830 0.477320 0.025515 0.032990
0 0.525967 0.484536 0.024356 0.047423
0 0.549742 0.478351 0.037113 0.080412
0 0.607152 0.465979 0.107861 0.187629
0 0.773003 0.539175 0.234278 0.243299
0 0.452320 0.470103 0.020876 0.022680
4 0.426224 0.430928 0.010438 0.010309
4 0.483634 0.428866 0.009278 0.018557
3 0.549742 0.432990 0.013918 0.026804
3 0.566559 0.401031 0.019716 0.037113
5 0.414046 0.468041 0.013918 0.047423
0 0.135696 0.482474 0.046392 0.068041
