0 0.385714 0.570153 0.024968 0.047449
0 0.355150 0.571684 0.048214 0.068878
0 0.322003 0.596174 0.080070 0.071939
0 0.532079 0.543368 0.016358 0.027551
0 0.516151 0.570919 0.037883 0.070408
0 0.564796 0.555612 0.037022 0.052041
0 0.448135 0.619898 0.129145 0.198980
0 0.676292 0.594643 0.130867 0.145408
0 0.863095 0.723018 0.268281 0.523470
4 0.157831 0.197210 0.021524 0.076531
4 0.669678 0.223230 0.015497 0.064286
4 0.504385 0.480612 0.009471 0.027551
4 0.539254 0.485970 0.008610 0.019898
4 0.430772 0.491327 0.010332 0.021429
4 0.038170 0.440817 0.018941 0.033673
4 0.038600 0.497449 0.011193 0.024490
3 0.037726 0.275062 0.041327 0.029082
3 0.838585 0.232275 0.049936 0.018367
5 0.784220 0.544242 0.012054 0.052041
5 0.796828 0.544898 0.010332 0.048980
5 0.817060 0.531888 0.014636 0.044388
10 0.758945 0.582398 0.032717 0.044388
4 0.181665 0.198214 0.018080 0.065816
5 0.599939 0.541598 0.010332 0.039796
