3 0.392871 0.454101 0.010547 0.021094
3 0.485156 0.429492 0.015820 0.023437
3 0.778491 0.266601 0.019775 0.021094
3 0.798925 0.231445 0.052734 0.091406
8 0.708288 0.492773 0.068555 0.075000
8 0.552392 0.472851 0.010547 0.049219
8 0.564917 0.475195 0.014502 0.039844
8 0.574804 0.476367 0.015820 0.051562
8 0.585351 0.479882 0.015820 0.053906
8 0.595239 0.477539 0.019775 0.053906
8 0.609082 0.477539 0.010547 0.053906
8 0.619628 0.476367 0.013184 0.056250
0 0.340136 0.468164 0.007910 0.030469
0 0.350683 0.471679 0.015820 0.023437
0 0.371118 0.470507 0.019775 0.030469
