0 0.370979 0.453542 0.013431 0.020204
0 0.353932 0.456297 0.014464 0.025714
0 0.338951 0.456297 0.011365 0.033061
0 0.326553 0.457216 0.013431 0.027551
0 0.312089 0.460889 0.015497 0.027551
0 0.299174 0.469154 0.016531 0.029388
0 0.275412 0.470991 0.033061 0.051429
0 0.385444 0.454461 0.011365 0.018367
5 0.079111 0.458134 0.012398 0.044082
5 0.161247 0.472828 0.019630 0.095510
5 0.472746 0.475583 0.018597 0.078980
5 0.503224 0.491195 0.021696 0.106531
5 0.522338 0.486603 0.020663 0.104694
5 0.567280 0.487522 0.023763 0.132245
5 0.600858 0.473746 0.020663 0.119388
5 0.808967 0.515335 0.037194 0.231429
5 0.895236 0.498805 0.058890 0.246122
4 0.342051 0.400933 0.009298 0.018367
3 0.410592 0.346694 0.011353 0.022425
3 0.433928 0.283903 0.022706 0.031395
3 0.084515 0.378089 0.002523 0.022425
0 0.211288 0.482516 0.081992 0.087458
