6 0.491629 0.260455 0.011931 0.043669
6 0.644275 0.291647 0.005615 0.026201
6 0.483908 0.352784 0.007720 0.021211
6 0.897810 0.334069 0.008422 0.016220
7 0.161069 0.241116 0.023160 0.029945
7 0.156858 0.174365 0.030178 0.021211
7 0.492681 0.317849 0.011229 0.011229
7 0.490576 0.391462 0.007018 0.011229
7 0.770253 0.304748 0.021757 0.014972
7 0.770604 0.284785 0.021055 0.022458
7 0.781131 0.345766 0.018247 0.012165
7 0.891844 0.284785 0.018949 0.022458
7 0.912899 0.259207 0.021757 0.073614
7 0.765516 0.370876 0.011931 0.009982
7 0.146067 0.270036 0.021757 0.022458
6 0.150278 0.300069 0.016142 0.033688
1 0.091676 0.553083 0.181071 0.374307
1 0.727680 0.626696 0.351614 0.486599
1 0.511869 0.466279 0.033688 0.067375
1 0.565207 0.461912 0.087026 0.140989
1 0.861378 0.485262 0.204933 0.317448
1 0.331149 0.468119 0.351614 0.578457
1 0.039990 0.594916 0.076055 0.266256
1 0.970195 0.465948 0.054993 0.191371
2 0.130755 0.370782 0.128123 0.115447
6 0.164395 0.296938 0.009361 0.023921
6 0.147429 0.212693 0.009361 0.038482
