1 0.237232 0.588675 0.258586 0.301618
1 0.377640 0.476349 0.057333 0.131048
1 0.840945 0.544126 0.316004 0.412211
1 0.121894 0.677427 0.242205 0.536672
1 0.552480 0.593182 0.382613 0.522111
7 0.052214 0.171462 0.046803 0.178891
7 0.184432 0.283788 0.060844 0.104006
7 0.606243 0.297309 0.022231 0.085285
7 0.837331 0.076816 0.032762 0.043683
7 0.808665 0.153781 0.033932 0.047843
7 0.826216 0.186023 0.052653 0.041602
7 0.844937 0.218265 0.069034 0.031202
7 0.247563 0.281356 0.032119 0.104003
7 0.825698 0.280337 0.043589 0.093807
