1 0.049228 0.604814 0.092607 0.055456
1 0.120389 0.587484 0.028269 0.013864
1 0.117464 0.603081 0.026320 0.013864
1 0.194474 0.588351 0.038018 0.019063
1 0.291955 0.597882 0.026320 0.024262
1 0.256374 0.623011 0.077985 0.071053
1 0.317982 0.615559 0.052640 0.055456
1 0.347227 0.606894 0.021446 0.038126
1 0.408152 0.608627 0.026320 0.058922
1 0.422287 0.609493 0.009748 0.036393
1 0.435447 0.605161 0.026320 0.024262
1 0.456405 0.605161 0.023395 0.017330
1 0.512944 0.609493 0.027295 0.025995
1 0.564121 0.602561 0.030219 0.022529
1 0.567046 0.607760 0.026320 0.019063
1 0.582155 0.612093 0.040942 0.020796
1 0.629921 0.613826 0.021446 0.013864
1 0.784135 0.614519 0.023395 0.020796
1 0.818741 0.616252 0.041917 0.020796
1 0.148658 0.639474 0.145246 0.100514
1 0.378225 0.621278 0.064337 0.077985
1 0.480580 0.607414 0.040942 0.029461
1 0.658970 0.623011 0.046791 0.057189
1 0.959601 0.623877 0.017547 0.017330
7 0.098456 0.471374 0.029244 0.045058
7 0.096506 0.518165 0.019496 0.034660
7 0.882104 0.522497 0.012673 0.029461
7 0.880641 0.428049 0.017547 0.017330
7 0.789984 0.246951 0.015597 0.043325
7 0.570165 0.547625 0.008773 0.031194
7 0.612179 0.554557 0.040942 0.013864
7 0.613642 0.527696 0.047766 0.032927
6 0.050203 0.506034 0.016572 0.031194
6 0.074573 0.402054 0.016572 0.041592
6 0.392360 0.532028 0.008773 0.020796
6 0.479118 0.532895 0.004874 0.015597
6 0.775947 0.240019 0.017547 0.077985
6 0.753916 0.240019 0.023395 0.088383
6 0.483505 0.536361 0.005849 0.015597
6 0.073111 0.454910 0.011698 0.046791
6 0.446365 0.561836 0.004874 0.013864
6 0.514601 0.582632 0.004874 0.013864
7 0.459134 0.557157 0.013647 0.025995
7 0.539556 0.579686 0.008773 0.012131
