1 0.016259 0.529629 0.030605 0.052708
1 0.046863 0.527078 0.043994 0.044207
1 0.079381 0.510926 0.028692 0.042506
1 0.105203 0.519427 0.032517 0.042506
1 0.136286 0.514326 0.031561 0.039106
1 0.177889 0.512626 0.032517 0.028904
1 0.216145 0.504125 0.030605 0.025504
1 0.242445 0.499024 0.033474 0.032305
1 0.272572 0.501575 0.028692 0.027204
1 0.362951 0.508376 0.031561 0.034005
1 0.387339 0.500724 0.022953 0.032305
1 0.410292 0.493073 0.022953 0.027204
1 0.470067 0.502425 0.029648 0.035705
1 0.487282 0.501575 0.010520 0.020403
1 0.506410 0.493923 0.025823 0.032305
1 0.541796 0.490523 0.016259 0.025504
6 0.412683 0.237185 0.020084 0.073111
6 0.593441 0.271190 0.012433 0.049307
7 0.304611 0.376606 0.031561 0.049307
7 0.304611 0.417412 0.008608 0.022103
1 0.571923 0.509226 0.026779 0.042506
6 0.235769 0.436986 0.006006 0.021356
