6 0.120152 0.105937 0.029004 0.098437
6 0.513023 0.091875 0.021094 0.093750
6 0.817564 0.230156 0.021094 0.093750
6 0.128721 0.328594 0.030322 0.070312
6 0.086534 0.330937 0.032959 0.056250
6 0.139927 0.122344 0.010547 0.084375
7 0.808994 0.410625 0.019775 0.051562
1 0.397666 0.547734 0.022412 0.044531
1 0.381187 0.547734 0.026367 0.058594
1 0.350865 0.553593 0.031641 0.060937
1 0.315269 0.557109 0.052734 0.058594
1 0.201890 0.568828 0.060644 0.086719
1 0.259239 0.567656 0.080420 0.093750
1 0.085875 0.611015 0.171387 0.536718
