1 0.125080 0.717664 0.246261 0.549152
1 0.841553 0.771817 0.309756 0.443898
7 0.857427 0.409529 0.039470 0.054915
6 0.235340 0.521647 0.017161 0.028983
7 0.238772 0.483512 0.020593 0.010678
7 0.248640 0.504105 0.023167 0.018305
7 0.825679 0.357664 0.029174 0.042712
7 0.815382 0.301223 0.066928 0.039661
6 0.279530 0.297410 0.016303 0.062542
6 0.509487 0.348512 0.014587 0.070169
6 0.302268 0.302749 0.015445 0.073220
6 0.523216 0.351562 0.007722 0.070169
1 0.511632 0.612410 0.056631 0.088475
1 0.372199 0.601732 0.043761 0.073220
1 0.485462 0.606308 0.023167 0.051864
1 0.472591 0.603257 0.019735 0.039661
1 0.462723 0.603257 0.013729 0.033559
1 0.458862 0.601732 0.018019 0.036610
1 0.449424 0.599444 0.012871 0.028983
1 0.425398 0.597156 0.018019 0.030508
7 0.703836 0.481986 0.030890 0.019831
6 0.687962 0.509444 0.018019 0.028983
