7 0.364578 0.327535 0.046791 0.072786
7 0.943127 0.687998 0.012673 0.010398
7 0.935816 0.703595 0.019496 0.013864
7 0.519573 0.683665 0.021446 0.015597
7 0.928992 0.681066 0.009748 0.010398
6 0.637037 0.645539 0.006824 0.032927
6 0.805191 0.661136 0.009748 0.029461
6 0.519085 0.746919 0.010723 0.024262
6 0.952875 0.742587 0.014622 0.022529
2 0.690164 0.786778 0.021446 0.041592
1 0.709660 0.796310 0.011698 0.032927
1 0.416243 0.811040 0.035093 0.072786
1 0.775947 0.791111 0.017547 0.043325
2 0.750115 0.771181 0.045816 0.079718
1 0.601944 0.809307 0.151095 0.277279
1 0.844184 0.796310 0.140372 0.161168
7 0.533707 0.577086 0.024370 0.062388
