6 0.368477 0.045058 0.033143 0.086650
6 0.665306 0.360462 0.030219 0.051990
6 0.414781 0.500835 0.006824 0.017330
6 0.510799 0.486104 0.011698 0.015597
6 0.522984 0.484371 0.012673 0.019063
6 0.776434 0.323203 0.036068 0.140372
7 0.513236 0.151637 0.075060 0.057189
7 0.679928 0.405520 0.045816 0.013864
7 0.797393 0.391656 0.031194 0.027728
7 0.803729 0.422850 0.024370 0.031194
7 0.985043 0.399455 0.026320 0.071053
7 0.987480 0.454044 0.023395 0.027728
6 0.674567 0.439313 0.019496 0.036393
7 0.480580 0.467908 0.009748 0.027728
7 0.323636 0.469641 0.011698 0.017330
1 0.396747 0.547625 0.009748 0.024262
1 0.382125 0.547625 0.025345 0.038126
1 0.300241 0.545026 0.019496 0.025995
1 0.265148 0.543293 0.021446 0.025995
1 0.278795 0.545892 0.023395 0.031194
1 0.232004 0.546759 0.035093 0.043325
1 0.196424 0.549358 0.032169 0.041592
1 0.160356 0.546759 0.030219 0.036393
1 0.136473 0.545026 0.027295 0.039859
1 0.118927 0.545026 0.027295 0.043325
1 0.058001 0.549358 0.104304 0.086650
2 0.344595 0.544159 0.055564 0.083184
1 0.450849 0.577953 0.098456 0.164634
