1 0.422027 0.538058 0.010926 0.019424
1 0.412467 0.540486 0.010926 0.019424
1 0.394711 0.544614 0.021853 0.027680
1 0.308667 0.554812 0.043705 0.070414
1 0.280669 0.562096 0.045071 0.080126
1 0.466415 0.545706 0.015024 0.019424
1 0.479390 0.545342 0.016389 0.033993
1 0.490316 0.544128 0.019121 0.041277
1 0.509437 0.549955 0.035510 0.046133
3 0.452757 0.533768 0.023218 0.046133
1 0.223988 0.567559 0.098336 0.109263
6 0.449218 0.491075 0.005714 0.019424
6 0.469830 0.476507 0.008195 0.024281
6 0.416564 0.480999 0.008195 0.021853
