1 0.464496 0.510366 0.010723 0.012131
1 0.474731 0.510366 0.017547 0.015597
1 0.492765 0.514699 0.016572 0.024262
1 0.504463 0.514699 0.016572 0.034660
1 0.518598 0.515565 0.033143 0.043325
1 0.540044 0.514699 0.029244 0.058922
1 0.579036 0.515565 0.091632 0.084917
1 0.597557 0.532895 0.068237 0.102247
1 0.638012 0.532028 0.100405 0.114377
1 0.695525 0.548492 0.153045 0.161168
1 0.756938 0.561489 0.119901 0.201027
1 0.450849 0.510366 0.012673 0.012131
1 0.442075 0.512966 0.016572 0.017330
1 0.425016 0.513832 0.019496 0.019063
1 0.419655 0.519031 0.016572 0.022529
1 0.406982 0.519898 0.024370 0.034660
1 0.389436 0.527696 0.045816 0.036393
1 0.358729 0.532895 0.042892 0.053723
1 0.335334 0.531162 0.058488 0.071053
1 0.237853 0.542426 0.198861 0.107445
1 0.892924 0.558890 0.210558 0.327535
1 0.010723 0.608280 0.021446 0.155969
7 0.128187 0.331868 0.034118 0.022529
7 0.132574 0.356996 0.027295 0.027728
