1 0.415658 0.536014 0.023395 0.050257
1 0.385439 0.546412 0.037043 0.050257
1 0.298194 0.575873 0.063363 0.095315
1 0.197898 0.590406 0.143077 0.148641
1 0.518695 0.518684 0.016572 0.025995
1 0.515283 0.538614 0.029244 0.051990
1 0.534292 0.510886 0.006824 0.017330
1 0.537704 0.516085 0.009748 0.017330
1 0.542578 0.521284 0.009748 0.020796
1 0.548914 0.523017 0.012673 0.027728
1 0.614714 0.516085 0.033143 0.027728
1 0.623000 0.549878 0.032169 0.064121
1 0.642496 0.561143 0.049715 0.083184
1 0.677102 0.572407 0.070186 0.109178
1 0.579645 0.542674 0.068237 0.103980
1 0.463643 0.576467 0.105279 0.164634
1 0.754971 0.585999 0.157919 0.187163
