6 0.312720 0.462796 0.011996 0.046919
6 0.508861 0.493720 0.013196 0.044787
6 0.327115 0.465995 0.007198 0.049052
7 0.643759 0.520226 0.021594 0.019194
7 0.647958 0.501032 0.020394 0.019194
7 0.581977 0.525558 0.020394 0.012796
6 0.659954 0.547190 0.015595 0.021327
6 0.641360 0.549323 0.016795 0.025592
6 0.153704 0.577048 0.010797 0.025592
6 0.484806 0.573849 0.005998 0.023460
6 0.445818 0.591977 0.007198 0.021327
1 0.486006 0.615436 0.013196 0.025592
1 0.470410 0.625033 0.029991 0.049052
1 0.498002 0.620768 0.008398 0.019194
1 0.504000 0.621834 0.010797 0.021327
1 0.514797 0.626100 0.017995 0.025592
1 0.648020 0.661137 0.082775 0.127962
1 0.728396 0.667535 0.130761 0.200474
1 0.875952 0.687796 0.245927 0.309242
1 0.417089 0.667535 0.136759 0.226066
