7 0.301070 0.199157 0.014403 0.021338
7 0.295068 0.245390 0.015204 0.048367
7 0.281465 0.200580 0.028006 0.046944
7 0.289067 0.341412 0.033608 0.061170
7 0.371886 0.251080 0.029607 0.042677
7 0.390690 0.219784 0.016004 0.011380
7 0.388290 0.189911 0.019204 0.014226
6 0.460426 0.216228 0.014403 0.019916
6 0.560850 0.208404 0.012003 0.038409
6 0.549647 0.298024 0.005601 0.012803
6 0.536844 0.322919 0.007202 0.011380
6 0.520840 0.324342 0.005601 0.011380
6 0.597258 0.326333 0.009602 0.019916
7 0.562050 0.321496 0.006401 0.022761
7 0.580054 0.307271 0.015204 0.017071
6 0.341919 0.184932 0.010402 0.039831
6 0.282305 0.282376 0.025606 0.032719
3 0.458206 0.328914 0.107225 0.234721
1 0.373386 0.299752 0.068816 0.065437
1 0.362584 0.415690 0.148034 0.192044
1 0.589436 0.363767 0.032007 0.045522
1 0.536224 0.412845 0.100023 0.166438
1 0.179081 0.545833 0.356882 0.519231
3 0.811521 0.431899 0.375820 0.860333
