7 0.454951 0.484283 0.020220 0.037944
7 0.158390 0.432360 0.020220 0.045932
1 0.306109 0.521727 0.010110 0.019970
1 0.292629 0.521727 0.016850 0.027959
1 0.238709 0.510744 0.025837 0.021967
1 0.196022 0.523724 0.075264 0.111834
1 0.266231 0.527718 0.040440 0.043935
1 0.340933 0.529715 0.007863 0.015976
1 0.352166 0.533710 0.019097 0.023965
1 0.370139 0.541698 0.032577 0.051923
1 0.448211 0.575647 0.101100 0.147781
1 0.585258 0.637056 0.262861 0.305547
1 0.108402 0.541531 0.138170 0.153772
1 0.028033 0.558031 0.056067 0.263610
1 0.326329 0.524224 0.012357 0.017973
