1 0.070721 0.582307 0.107628 0.091417
1 0.172967 0.576142 0.046639 0.038268
1 0.215420 0.570827 0.043051 0.040394
1 0.243523 0.569764 0.027505 0.029764
1 0.277605 0.570827 0.021526 0.027638
1 0.333213 0.568701 0.029897 0.040394
1 0.366100 0.570827 0.019134 0.031890
1 0.382842 0.568701 0.014350 0.019134
1 0.397192 0.574016 0.011959 0.017008
1 0.409749 0.568701 0.022721 0.019134
1 0.431872 0.570827 0.021526 0.023386
1 0.450408 0.561260 0.017938 0.025512
1 0.466552 0.565512 0.016742 0.017008
1 0.483892 0.570827 0.017938 0.027638
3 0.509604 0.554882 0.035876 0.080787
1 0.595706 0.577205 0.105236 0.155197
1 0.718282 0.601654 0.139916 0.191339
1 0.859992 0.640984 0.277441 0.312520
1 0.980775 0.755788 0.033484 0.218976
7 0.522758 0.431575 0.033484 0.021260
6 0.488078 0.430512 0.014350 0.031890
6 0.259070 0.399685 0.017938 0.025512
6 0.565809 0.456024 0.009567 0.019134
6 0.390017 0.518740 0.009567 0.021260
6 0.405563 0.540000 0.007175 0.017008
1 0.442635 0.541063 0.009567 0.014882
1 0.453398 0.508110 0.007175 0.021260
7 0.259667 0.469843 0.016742 0.029764
6 0.037834 0.423071 0.013155 0.029764
6 0.047999 0.423071 0.011959 0.038268
7 0.821127 0.490040 0.020330 0.053150
