1 0.544948 0.822505 0.021853 0.033993
1 0.574995 0.826147 0.038242 0.075270
1 0.515583 0.833431 0.050534 0.075270
1 0.444563 0.841930 0.031413 0.043705
1 0.357152 0.878351 0.198039 0.189389
1 0.249255 0.862568 0.107897 0.148112
1 0.172089 0.844358 0.021853 0.077698
1 0.141359 0.891705 0.025950 0.162680
6 0.046437 0.726597 0.024584 0.036421
7 0.094701 0.630992 0.037317 0.028530
7 0.082630 0.658611 0.017755 0.021853
6 0.359834 0.488950 0.021269 0.071021
1 0.705669 0.838895 0.286815 0.318076
1 0.776690 0.322932 0.002732 0.024281
