6 0.163186 0.222380 0.022785 0.099578
7 0.167932 0.299174 0.056962 0.040506
7 0.168882 0.375123 0.024684 0.070886
7 0.897046 0.413941 0.022785 0.040506
7 0.336920 0.335052 0.020886 0.046387
7 0.612816 0.408680 0.014241 0.047257
7 0.695411 0.372393 0.016139 0.011814
7 0.691860 0.351043 0.016633 0.014007
6 0.682595 0.388427 0.005696 0.013502
6 0.678341 0.391297 0.007595 0.013502
6 0.538784 0.416614 0.005696 0.013502
6 0.567265 0.406487 0.005696 0.013502
6 0.129607 0.329694 0.026582 0.048945
1 0.579272 0.447538 0.006646 0.028692
1 0.589240 0.444163 0.011392 0.032067
1 0.543671 0.451758 0.015190 0.020253
1 0.532753 0.448382 0.012342 0.030380
1 0.525158 0.450914 0.010443 0.032067
1 0.517563 0.454290 0.012342 0.028692
1 0.505696 0.454290 0.034177 0.048945
1 0.494778 0.469479 0.025633 0.059072
1 0.450633 0.466948 0.072152 0.104641
1 0.376141 0.509441 0.111076 0.162025
1 0.559785 0.449769 0.012474 0.020791
