6 0.096730 0.296642 0.015190 0.021941
6 0.263818 0.428287 0.009494 0.018565
6 0.469356 0.264574 0.014241 0.032067
6 0.583280 0.427444 0.010443 0.020253
6 0.818723 0.345587 0.038924 0.052321
6 0.783597 0.056980 0.019937 0.086076
6 0.455116 0.274701 0.014241 0.045570
7 0.467932 0.373435 0.015190 0.060759
7 0.797837 0.123646 0.019937 0.040506
7 0.805432 0.158245 0.040823 0.028692
7 0.778850 0.188625 0.027532 0.035443
7 0.787394 0.223224 0.057911 0.033755
7 0.785495 0.295798 0.031329 0.124894
7 0.251002 0.386937 0.027532 0.013502
1 0.247785 0.502351 0.015190 0.021941
1 0.231645 0.506570 0.022785 0.033755
1 0.208386 0.504882 0.027532 0.037131
1 0.188449 0.514165 0.027532 0.035443
1 0.166139 0.521760 0.017089 0.033755
1 0.949385 0.528316 0.098734 0.109705
1 0.090683 0.592451 0.181329 0.454008
1 0.389259 0.647303 0.360759 0.472574
