7 0.072623 0.511233 0.080909 0.135173
7 0.904622 0.532895 0.023395 0.025995
6 0.290493 0.591817 0.005849 0.015597
6 0.315350 0.586618 0.002924 0.019063
6 0.341670 0.586618 0.004874 0.019063
6 0.363116 0.586618 0.004874 0.015597
1 0.246139 0.674134 0.114053 0.117843
1 0.395772 0.672401 0.103330 0.138639
1 0.328510 0.656804 0.029244 0.055456
1 0.568800 0.604814 0.129649 0.062388
2 0.569288 0.564955 0.056539 0.027728
7 0.315838 0.600482 0.023395 0.025995
7 0.342158 0.594416 0.025345 0.024262
7 0.367990 0.594416 0.022421 0.024262
2 0.801779 0.421117 0.154994 0.273813
