1 0.436999 0.474199 0.017193 0.017830
1 0.425537 0.475472 0.014328 0.020377
1 0.414791 0.478019 0.018626 0.020377
1 0.398314 0.479293 0.025790 0.033113
1 0.380404 0.483114 0.021492 0.030566
1 0.356047 0.483114 0.035820 0.040755
1 0.233544 0.492878 0.025790 0.053491
1 0.269363 0.500519 0.063043 0.068774
1 0.134391 0.484385 0.049296 0.049336
1 0.117488 0.509434 0.077370 0.066226
1 0.070206 0.495850 0.057311 0.066226
1 0.022925 0.511557 0.045849 0.078962
6 0.168352 0.445331 0.012895 0.022925
6 0.245006 0.379529 0.017193 0.030566
6 0.065192 0.333680 0.015761 0.040755
6 0.171218 0.410095 0.012895 0.030566
6 0.582904 0.202076 0.012895 0.030566
6 0.690124 0.300566 0.014328 0.025472
7 0.613470 0.285283 0.055879 0.025472
7 0.680095 0.281038 0.028656 0.040755
7 0.682244 0.363821 0.024357 0.017830
7 0.684393 0.393114 0.025790 0.050943
6 0.664334 0.360000 0.014328 0.056038
6 0.759853 0.332406 0.017193 0.058585
1 0.494788 0.468680 0.037252 0.040755
6 0.693945 0.410519 0.014328 0.028019
1 0.938283 0.480821 0.121691 0.093906
6 0.011462 0.061769 0.022925 0.123538
6 0.073788 0.061769 0.035820 0.123538
1 0.730488 0.468687 0.049195 0.071761
