1 0.411347 0.413565 0.013765 0.024471
1 0.478452 0.413565 0.017206 0.032628
1 0.383817 0.413565 0.027530 0.040785
1 0.252360 0.443134 0.073414 0.099924
1 0.173211 0.458429 0.130768 0.138671
1 0.068634 0.499622 0.136504 0.216163
1 0.351584 0.421110 0.049325 0.055060
1 0.496117 0.412953 0.028677 0.042825
1 0.443160 0.449320 0.077238 0.116918
6 0.429777 0.344977 0.009177 0.022432
6 0.477955 0.353134 0.009177 0.022432
6 0.501470 0.374547 0.008030 0.016314
6 0.400526 0.373527 0.010324 0.010196
1 0.403968 0.400038 0.010324 0.042825
