7 0.395329 0.130357 0.014636 0.032143
6 0.358450 0.388265 0.008610 0.024490
6 0.646301 0.051020 0.017219 0.058163
2 0.411605 0.429337 0.049075 0.099490
1 0.325939 0.454155 0.027551 0.030612
1 0.253187 0.456451 0.042188 0.065816
1 0.221331 0.454920 0.045631 0.075000
1 0.169242 0.457981 0.074043 0.084184
1 0.084437 0.460277 0.123119 0.107143
1 0.609505 0.483236 0.024968 0.064286
1 0.025214 0.472522 0.050428 0.101020
1 0.382332 0.459184 0.066295 0.097959
1 0.516274 0.489031 0.173055 0.280102
1 0.648864 0.490561 0.066295 0.136225
1 0.804699 0.536480 0.166167 0.151531
1 0.295494 0.459000 0.038685 0.050943
