7 0.780190 0.226174 0.046123 0.087852
7 0.575933 0.447270 0.009883 0.026356
6 0.582522 0.379916 0.013178 0.023427
6 0.238662 0.367470 0.010707 0.033677
6 0.636880 0.361614 0.016472 0.048319
1 0.872023 0.511695 0.042004 0.061497
1 0.452390 0.456055 0.021414 0.032213
1 0.465980 0.457519 0.014001 0.035141
1 0.473804 0.468501 0.016472 0.033677
1 0.489865 0.478611 0.023885 0.045669
1 0.376206 0.443609 0.015649 0.024892
1 0.368381 0.453859 0.014825 0.024892
1 0.360145 0.459715 0.018120 0.036605
1 0.339143 0.457519 0.032121 0.035141
1 0.337496 0.502177 0.074949 0.048319
1 0.197722 0.480447 0.046463 0.054640
1 0.185950 0.606136 0.186961 0.200596
7 0.160006 0.431163 0.021414 0.014642
1 0.052000 0.568799 0.104000 0.158134
1 0.058701 0.723273 0.115306 0.335304
1 0.892202 0.698381 0.212493 0.294306
1 0.357372 0.704752 0.289308 0.368545
6 0.227618 0.427182 0.008773 0.025995
1 0.406982 0.437580 0.014622 0.019063
7 0.588297 0.433248 0.020471 0.010398
7 0.772048 0.332734 0.029244 0.034660
1 0.781796 0.519031 0.116977 0.109178
