1 0.119286 0.616093 0.238572 0.264733
1 0.190623 0.496201 0.045999 0.055441
1 0.235063 0.496201 0.041321 0.060986
1 0.282621 0.489964 0.058473 0.076232
1 0.319655 0.476797 0.020271 0.049897
1 0.341095 0.465015 0.031965 0.054055
1 0.367993 0.453927 0.020271 0.042967
1 0.379687 0.446304 0.017152 0.041581
1 0.398009 0.444225 0.017932 0.020791
1 0.416331 0.456006 0.015593 0.030493
1 0.515735 0.668763 0.272096 0.353439
6 0.022220 0.321560 0.024169 0.074846
6 0.494685 0.256417 0.017932 0.058214
6 0.010525 0.422048 0.016373 0.026335
6 0.509109 0.255031 0.014034 0.055441
7 0.111099 0.406802 0.025728 0.037423
7 0.524701 0.286910 0.014034 0.038809
7 0.555497 0.394327 0.022610 0.034651
7 0.557447 0.362449 0.034304 0.045739
7 0.843576 0.227310 0.056134 0.036037
7 0.484302 0.364242 0.013750 0.036609
7 0.482473 0.392941 0.012729 0.018018
7 0.441279 0.368686 0.040542 0.024949
7 0.028457 0.268891 0.031965 0.033265
7 0.029237 0.191273 0.021050 0.038809
7 0.671665 0.382546 0.025728 0.049897
7 0.702850 0.324333 0.022610 0.060986
7 0.444008 0.434522 0.010135 0.015246
1 0.405416 0.430364 0.014034 0.020791
1 0.752748 0.545405 0.027288 0.062372
1 0.569531 0.474024 0.041321 0.041581
