1 0.580891 0.549349 0.011569 0.014958
1 0.568269 0.539065 0.013673 0.024307
1 0.551441 0.537196 0.017880 0.035526
1 0.530406 0.537196 0.022087 0.039266
1 0.505163 0.543740 0.026294 0.048615
1 0.480973 0.547479 0.041019 0.048615
1 0.436273 0.544675 0.048381 0.084141
1 0.398935 0.557763 0.057847 0.076662
1 0.338458 0.565243 0.098866 0.102839
1 0.180378 0.572722 0.215612 0.185111
1 0.006311 0.596842 0.012621 0.130886
1 0.805127 0.494003 0.388102 0.617036
7 0.462777 0.483906 0.010518 0.011219
6 0.598140 0.491385 0.005259 0.018698
