6 0.318133 0.312914 0.007041 0.025033
6 0.286953 0.309338 0.007041 0.021457
6 0.293491 0.338841 0.008046 0.016093
6 0.273878 0.338841 0.007041 0.016093
6 0.772752 0.305762 0.015087 0.032185
1 0.311092 0.368344 0.013075 0.028609
1 0.332214 0.371026 0.029168 0.044702
1 0.198443 0.396954 0.055319 0.071523
1 0.149662 0.407682 0.042243 0.078675
1 0.066282 0.416623 0.132564 0.157351
6 0.205987 0.345099 0.008046 0.014305
7 0.427764 0.350464 0.013075 0.021457
1 0.967876 0.430033 0.035203 0.073311
1 0.947760 0.440762 0.035203 0.094768
1 0.898979 0.445232 0.112649 0.107285
7 0.547957 0.185066 0.032185 0.080464
