6 0.261585 0.265559 0.057952 0.040855
6 0.492894 0.251349 0.054955 0.040855
7 0.085230 0.557763 0.040966 0.113684
7 0.969002 0.454737 0.015987 0.021316
1 0.492894 0.578191 0.008993 0.015987
1 0.449930 0.579967 0.010991 0.019539
1 0.440437 0.585296 0.009992 0.015987
1 0.428947 0.587072 0.008993 0.015987
1 0.420454 0.587072 0.007993 0.026645
1 0.407964 0.593289 0.010991 0.024868
1 0.394975 0.595066 0.014988 0.028421
1 0.356507 0.602171 0.037969 0.046184
1 0.358505 0.608388 0.019984 0.037303
1 0.327031 0.611941 0.042965 0.051513
1 0.199636 0.647467 0.083931 0.094145
7 0.555343 0.563980 0.009992 0.026645
1 0.573328 0.585296 0.021982 0.040855
1 0.643770 0.601283 0.036970 0.083487
1 0.696227 0.609276 0.079934 0.103026
2 0.605302 0.580855 0.021982 0.056842
2 0.640273 0.587961 0.063947 0.099474
2 0.182650 0.571974 0.071941 0.071053
2 0.100218 0.571974 0.156871 0.085263
1 0.095222 0.678553 0.156871 0.131447
1 0.856095 0.630592 0.227813 0.230921
1 0.504884 0.576414 0.014988 0.026645
2 0.969502 0.579967 0.060950 0.136776
