6 0.219967 0.228736 0.011208 0.047325
6 0.409110 0.193450 0.011208 0.044834
6 0.401404 0.199677 0.009807 0.047325
7 0.464452 0.212961 0.023818 0.037362
7 0.714541 0.046910 0.028021 0.062269
7 0.708236 0.225830 0.021016 0.034871
7 0.622772 0.117482 0.012610 0.052306
6 0.735090 0.281458 0.036428 0.034871
1 0.403506 0.377353 0.016813 0.037362
1 0.381089 0.374862 0.025219 0.022417
1 0.308233 0.348709 0.047636 0.024908
1 0.249389 0.398524 0.028021 0.024908
1 0.229074 0.396033 0.023818 0.049816
1 0.194047 0.408487 0.105080 0.134502
1 0.560425 0.438792 0.072855 0.107103
1 0.465853 0.423432 0.121892 0.174354
1 0.322945 0.535102 0.236779 0.326292
1 0.092470 0.500231 0.184940 0.440867
1 0.771459 0.573946 0.451142 0.458303
