6 0.393822 0.381258 0.019496 0.048524
6 0.622415 0.403787 0.022421 0.038126
6 0.700887 0.576220 0.021446 0.036393
6 0.262711 0.525963 0.016572 0.064121
6 0.466933 0.656804 0.009748 0.013864
6 0.533707 0.641207 0.004874 0.013864
6 0.337771 0.613479 0.006824 0.013864
6 0.377251 0.611746 0.007798 0.010398
7 0.170104 0.517298 0.051665 0.084917
7 0.165717 0.574487 0.033143 0.025995
7 0.832486 0.547625 0.054589 0.090116
7 0.830536 0.608280 0.037043 0.031194
7 0.485942 0.602215 0.039967 0.050257
7 0.526884 0.606547 0.038018 0.055456
7 0.355317 0.636874 0.032169 0.036393
1 0.600482 0.740854 0.097481 0.133440
1 0.522010 0.694063 0.018521 0.025995
1 0.503976 0.689731 0.015597 0.027728
1 0.535657 0.697529 0.008773 0.022529
