6 0.492765 0.227888 0.049715 0.036393
6 0.402596 0.454044 0.019496 0.027728
6 0.471320 0.454910 0.022421 0.015597
6 0.531758 0.548492 0.010723 0.025995
6 0.510799 0.554557 0.011698 0.020796
6 0.452798 0.563222 0.006824 0.024262
6 0.810065 0.427182 0.044841 0.064121
7 0.754989 0.389057 0.039967 0.029461
7 0.742804 0.350064 0.025345 0.034660
6 0.130624 0.556290 0.015597 0.024262
6 0.096506 0.503434 0.017547 0.015597
1 0.095044 0.643806 0.190088 0.202760
1 0.316813 0.707061 0.327535 0.422850
1 0.878286 0.820226 0.118895 0.248509
7 0.384098 0.191588 0.039588 0.044787
