7 0.132930 0.145534 0.183217 0.288296
7 0.537176 0.223845 0.296265 0.173255
7 0.275995 0.225231 0.051457 0.020791
7 0.224148 0.441453 0.041321 0.065144
7 0.347722 0.492736 0.029627 0.040195
7 0.399958 0.485113 0.021830 0.041581
7 0.496244 0.463629 0.030406 0.029107
7 0.539852 0.470813 0.034979 0.028600
7 0.616310 0.501745 0.021050 0.038809
1 0.146184 0.628568 0.290808 0.347895
1 0.929337 0.742223 0.140336 0.397792
1 0.495855 0.666684 0.271317 0.393634
1 0.304452 0.601540 0.083422 0.121971
1 0.637360 0.609163 0.080303 0.170482
1 0.756646 0.598768 0.106811 0.094250
1 0.682580 0.583521 0.036643 0.060986
1 0.365654 0.578670 0.045219 0.079004
7 0.344213 0.543326 0.011695 0.019405
7 0.381378 0.522904 0.013772 0.029756
6 0.817458 0.085241 0.011695 0.040195
6 0.941422 0.099795 0.017932 0.055441
6 0.219080 0.355518 0.012474 0.065144
7 0.550347 0.451184 0.019984 0.014211
