7 0.247596 0.307303 0.031974 0.039079
7 0.708717 0.475164 0.014988 0.030197
7 0.685736 0.472500 0.016986 0.014211
7 0.398472 0.452072 0.009992 0.012434
6 0.449430 0.408553 0.017985 0.028421
6 0.476907 0.467171 0.010991 0.017763
6 0.679741 0.456513 0.014988 0.024868
6 0.628283 0.038191 0.033972 0.076382
6 0.552845 0.437862 0.018984 0.026645
1 0.428447 0.506250 0.017985 0.031974
1 0.478906 0.516020 0.018984 0.030197
1 0.498390 0.527566 0.027977 0.039079
1 0.549847 0.528454 0.014988 0.040855
1 0.455925 0.531118 0.042965 0.049737
1 0.526866 0.534976 0.046961 0.077549
6 0.686112 0.502993 0.007993 0.019539
1 0.747623 0.563388 0.061073 0.040855
1 0.595687 0.545357 0.052956 0.073364
