6 0.427324 0.404751 0.008406 0.022417
6 0.569531 0.425923 0.009807 0.029889
7 0.208758 0.402260 0.016813 0.017435
7 0.175833 0.405996 0.029422 0.019926
7 0.205255 0.440867 0.012610 0.014945
7 0.331351 0.458303 0.012610 0.014945
7 0.781092 0.269004 0.035027 0.049816
6 0.125255 0.457306 0.008406 0.019926
6 0.584803 0.474742 0.014011 0.019926
6 0.601616 0.478478 0.011208 0.022417
1 0.153416 0.485701 0.015412 0.029889
1 0.114186 0.490683 0.043433 0.029889
1 0.275309 0.489437 0.029422 0.027399
1 0.439933 0.500646 0.022417 0.049816
1 0.505083 0.495664 0.012610 0.019926
1 0.486729 0.505877 0.036428 0.052306
1 0.378146 0.590563 0.161122 0.241605
1 0.521055 0.489686 0.012610 0.029889
3 0.306692 0.488441 0.029422 0.032380
