6 0.315523 0.376309 0.007329 0.029107
6 0.325268 0.380467 0.007485 0.031879
6 0.546765 0.370072 0.007017 0.024949
6 0.562124 0.459471 0.004678 0.012474
7 0.253385 0.414887 0.018711 0.033265
7 0.572520 0.443070 0.007796 0.022177
7 0.665947 0.422279 0.016373 0.011088
7 0.786792 0.349512 0.028847 0.018018
7 0.852282 0.307931 0.017932 0.037423
7 0.855401 0.337038 0.028847 0.015246
7 0.044440 0.341427 0.015593 0.013860
7 0.030016 0.349050 0.021050 0.015246
7 0.029237 0.370534 0.042881 0.016632
7 0.040152 0.393403 0.021050 0.015246
7 0.035084 0.412808 0.024949 0.018018
1 0.538033 0.499389 0.007017 0.018018
1 0.545830 0.504933 0.011695 0.026335
1 0.556355 0.507012 0.012474 0.041581
1 0.563762 0.516714 0.013254 0.047125
1 0.576236 0.536119 0.027288 0.099795
1 0.539203 0.520179 0.015593 0.026335
1 0.479950 0.504240 0.095117 0.088706
1 0.409782 0.507705 0.024949 0.034651
1 0.332207 0.583937 0.074066 0.134446
1 0.387952 0.557602 0.024949 0.056827
1 0.075080 0.560790 0.130201 0.141376
1 0.225551 0.600292 0.237792 0.297998
1 0.456716 0.643260 0.183996 0.284137
1 0.645391 0.560097 0.145014 0.195431
3 0.863068 0.478183 0.272876 0.285524
1 0.078354 0.675000 0.156709 0.371458
1 0.878271 0.645893 0.240910 0.268891
7 0.301127 0.382383 0.020984 0.018653
