6 0.010460 0.123377 0.020921 0.143046
6 0.568073 0.278940 0.020116 0.085828
6 0.547957 0.284305 0.016093 0.071523
6 0.587183 0.286987 0.018104 0.080464
6 0.409660 0.554305 0.005029 0.028609
6 0.360376 0.565927 0.003017 0.019669
1 0.364902 0.622252 0.018104 0.025033
1 0.377475 0.603477 0.019110 0.026821
1 0.336740 0.638344 0.036209 0.046490
1 0.403625 0.596324 0.025145 0.023245
2 0.475037 0.607947 0.077446 0.150199
1 0.402620 0.641026 0.057330 0.087616
2 0.250242 0.631192 0.138800 0.243179
1 0.159720 0.692881 0.052301 0.084040
2 0.633952 0.577550 0.240385 0.418411
2 0.857711 0.549710 0.283572 0.895579
