7 0.712378 0.362955 0.023874 0.037545
7 0.713297 0.389890 0.016528 0.016324
7 0.574570 0.427201 0.011019 0.024486
6 0.561715 0.411693 0.007346 0.019589
6 0.536923 0.410877 0.011019 0.021221
7 0.280737 0.386391 0.040402 0.070193
7 0.271555 0.406796 0.022037 0.029383
1 0.554676 0.452526 0.010101 0.014692
1 0.567990 0.451710 0.014692 0.016324
1 0.536092 0.457074 0.015610 0.016324
1 0.519105 0.470949 0.025710 0.040810
1 0.421314 0.460339 0.019283 0.022854
1 0.466293 0.505374 0.106515 0.173868
7 0.271170 0.430700 0.015610 0.016324
1 0.638628 0.446230 0.061521 0.037545
