7 0.266983 0.068644 0.129878 0.128968
7 0.505323 0.071591 0.135268 0.139715
7 0.601623 0.235054 0.043293 0.104006
7 0.283157 0.437866 0.018721 0.014561
1 0.058650 0.501161 0.115837 0.114407
1 0.269262 0.486601 0.064354 0.081125
1 0.196032 0.476573 0.034901 0.051990
1 0.370473 0.480360 0.030422 0.047843
1 0.673592 0.476573 0.076035 0.069320
1 0.331276 0.472040 0.022231 0.027042
1 0.416106 0.474120 0.014041 0.022881
1 0.435997 0.474120 0.018721 0.022881
1 0.563535 0.472040 0.039782 0.052003
1 0.522583 0.475160 0.016381 0.024961
1 0.348981 0.472240 0.009748 0.022529
1 0.303653 0.471374 0.016572 0.024262
1 0.133061 0.470507 0.045816 0.043325
1 0.163768 0.473107 0.013647 0.027728
1 0.482042 0.471374 0.014622 0.013864
1 0.608767 0.481772 0.034118 0.041592
1 0.773413 0.499448 0.077985 0.058922
1 0.914760 0.494423 0.169617 0.154236
