6 0.366134 0.221457 0.022721 0.053150
6 0.766750 0.021969 0.027505 0.043937
6 0.536545 0.335906 0.009567 0.017008
7 0.830729 0.036496 0.078927 0.031890
7 0.162239 0.233858 0.047835 0.029764
1 0.894075 0.395433 0.060989 0.051024
7 0.959249 0.452835 0.009567 0.029764
1 0.777478 0.411378 0.066969 0.070158
1 0.741602 0.403937 0.033484 0.051024
1 0.711705 0.397559 0.033484 0.063780
1 0.464161 0.422008 0.062185 0.091417
1 0.492263 0.396496 0.053814 0.070157
1 0.517377 0.382677 0.029897 0.046772
1 0.537706 0.368858 0.010763 0.031890
1 0.566407 0.360354 0.017938 0.019134
1 0.616634 0.370984 0.015546 0.019134
1 0.632778 0.377362 0.023917 0.023386
6 0.619025 0.344410 0.008371 0.017008
7 0.645932 0.313583 0.016742 0.010630
7 0.439645 0.284882 0.008371 0.025512
