7 0.559824 0.228515 0.048779 0.021094
7 0.557188 0.270703 0.027686 0.025781
7 0.578281 0.289453 0.027686 0.016406
6 0.178160 0.281250 0.010547 0.051562
6 0.572349 0.323437 0.010547 0.042187
6 0.481382 0.417187 0.007910 0.023437
1 0.414146 0.445312 0.010547 0.032812
1 0.387779 0.454687 0.015820 0.037500
3 0.373936 0.446484 0.046143 0.086719
1 0.342954 0.461718 0.015820 0.046875
1 0.306040 0.472265 0.089648 0.096094
1 0.453037 0.466406 0.059326 0.079687
1 0.140496 0.564843 0.280992 0.304687
6 0.702207 0.346875 0.014502 0.028125
