1 0.552490 0.547866 0.011959 0.027638
1 0.638593 0.545740 0.019134 0.023386
1 0.642778 0.556370 0.013155 0.027638
1 0.652345 0.559559 0.022721 0.034016
1 0.594944 0.568063 0.082515 0.123307
1 0.524985 0.551055 0.023917 0.038268
1 0.511831 0.558496 0.021526 0.040394
1 0.422440 0.560729 0.035876 0.078661
1 0.462501 0.567106 0.096865 0.112677
6 0.369224 0.475689 0.020330 0.031890
6 0.506150 0.389587 0.009567 0.034016
6 0.498377 0.391713 0.010763 0.034016
6 0.490006 0.391713 0.008371 0.034016
1 0.209277 0.613701 0.361152 0.344410
7 0.463797 0.423425 0.017938 0.019134
6 0.656132 0.412441 0.009567 0.029764
6 0.650153 0.411378 0.009567 0.031890
6 0.642380 0.410315 0.008371 0.029764
7 0.751801 0.386929 0.031093 0.029764
7 0.751203 0.409252 0.029897 0.014882
6 0.763760 0.488622 0.023917 0.031890
7 0.765554 0.438662 0.022721 0.017008
1 0.706358 0.473386 0.016742 0.012756
1 0.735657 0.581811 0.130349 0.165827
1 0.897498 0.643110 0.200906 0.238110
