6 0.334605 0.257908 0.011193 0.019898
6 0.369044 0.259439 0.011193 0.016837
6 0.476235 0.260970 0.015497 0.019898
6 0.502064 0.258674 0.012054 0.015306
6 0.533059 0.268623 0.012054 0.019898
6 0.677702 0.259439 0.008610 0.019898
6 0.757169 0.268623 0.009471 0.016837
7 0.421649 0.281633 0.017219 0.036735
7 0.974564 0.193623 0.018941 0.062755
7 0.820881 0.231888 0.057685 0.038265
7 0.758891 0.182143 0.023246 0.052041
6 0.779554 0.114490 0.028412 0.073469
7 0.121110 0.263521 0.037883 0.056633
7 0.357446 0.291837 0.018080 0.021429
7 0.692076 0.268112 0.019802 0.022959
7 0.508690 0.293112 0.011193 0.019898
7 0.531362 0.292347 0.021524 0.027551
1 0.372123 0.313448 0.012915 0.019898
1 0.335102 0.314978 0.019802 0.026020
1 0.350599 0.317274 0.028412 0.027551
1 0.088188 0.358601 0.103316 0.091837
1 0.032040 0.354774 0.064081 0.136225
1 0.916018 0.321429 0.013776 0.036735
1 0.902673 0.332143 0.023246 0.064286
1 0.815285 0.332908 0.013776 0.029082
1 0.824325 0.343623 0.018080 0.044388
1 0.554178 0.310714 0.024107 0.033673
1 0.476690 0.328316 0.022385 0.047449
1 0.460332 0.326021 0.017219 0.042857
1 0.647593 0.321429 0.023246 0.024490
1 0.608419 0.333674 0.087819 0.104082
1 0.774586 0.378061 0.087819 0.113265
1 0.507255 0.335204 0.042188 0.070408
1 0.434933 0.317602 0.035300 0.047449
1 0.435794 0.345919 0.049075 0.073469
1 0.686336 0.348214 0.076626 0.102551
1 0.576968 0.407143 0.158418 0.171429
