1 0.088066 0.529687 0.176133 0.406875
1 0.819492 0.494062 0.356484 0.541875
1 0.262090 0.434062 0.138164 0.185625
1 0.345410 0.412500 0.049570 0.078750
1 0.169805 0.430312 0.063281 0.144375
1 0.599062 0.420937 0.105469 0.140625
1 0.532617 0.384375 0.052734 0.093750
1 0.493594 0.371250 0.029531 0.052500
1 0.389180 0.388125 0.025312 0.041250
1 0.409746 0.370312 0.015820 0.035625
1 0.460371 0.370312 0.015820 0.024375
7 0.517851 0.329062 0.014766 0.035625
7 0.690293 0.157500 0.024258 0.037500
1 0.424512 0.374062 0.011602 0.024375
