7 0.149146 0.383338 0.033143 0.017330
7 0.794956 0.419731 0.036068 0.020796
7 0.667256 0.305353 0.034118 0.038126
7 0.627289 0.305353 0.034118 0.041592
7 0.523959 0.439660 0.045816 0.029461
6 0.337284 0.211772 0.015597 0.090116
6 0.579523 0.306220 0.016572 0.064121
6 0.410394 0.454390 0.007798 0.020796
6 0.485942 0.465655 0.008773 0.022529
6 0.821276 0.471720 0.014622 0.031194
6 0.120389 0.447458 0.012673 0.027728
6 0.173516 0.275892 0.017547 0.065854
6 0.358242 0.221303 0.022421 0.081451
6 0.807141 0.475186 0.011698 0.031194
6 0.135986 0.446592 0.010723 0.029461
6 0.423067 0.491650 0.005849 0.015597
1 0.403570 0.528043 0.023395 0.022529
1 0.403570 0.510713 0.015597 0.019063
1 0.423554 0.518511 0.016572 0.031194
1 0.426478 0.541040 0.028269 0.034660
1 0.461084 0.508980 0.017547 0.025995
1 0.479605 0.520244 0.017547 0.024262
1 0.447437 0.541040 0.035093 0.045058
1 0.252963 0.547105 0.084808 0.112644
1 0.941177 0.610360 0.116002 0.128241
