1 0.511982 0.519623 0.054446 0.091698
1 0.542786 0.507312 0.018626 0.038208
1 0.600098 0.526416 0.118921 0.168113
1 0.928922 0.570991 0.140413 0.241981
1 0.392344 0.593351 0.250737 0.322361
1 0.792091 0.607925 0.356763 0.361698
6 0.487624 0.447453 0.008597 0.020377
6 0.476878 0.447878 0.007164 0.022925
6 0.460401 0.050519 0.028656 0.089151
6 0.237603 0.042877 0.024357 0.068774
6 0.215395 0.307783 0.020059 0.099340
6 0.202500 0.390566 0.017193 0.035660
7 0.225425 0.388019 0.025790 0.040755
7 0.221126 0.170236 0.040118 0.063679
