7 0.536094 0.137578 0.072510 0.072656
1 0.195298 0.246562 0.047461 0.051562
1 0.770762 0.274687 0.061963 0.056250
1 0.908530 0.296953 0.129199 0.100781
1 0.522251 0.228984 0.021094 0.035156
1 0.043028 0.261797 0.085693 0.072656
1 0.113560 0.225469 0.031641 0.028125
1 0.242759 0.204375 0.047461 0.042187
7 0.058189 0.209062 0.031641 0.046875
7 0.398326 0.172734 0.018457 0.016406
1 0.246714 0.273515 0.071191 0.100781
1 0.318565 0.253594 0.030322 0.046875
1 0.387779 0.216094 0.029004 0.042187
1 0.416123 0.202031 0.022412 0.028125
1 0.648814 0.234844 0.023730 0.028125
1 0.462266 0.210234 0.017139 0.025781
