6 0.573008 0.275859 0.009229 0.039844
6 0.322520 0.245390 0.014502 0.044531
6 0.743076 0.301640 0.022412 0.039844
6 0.681773 0.327422 0.010547 0.025781
6 0.677158 0.257109 0.014502 0.039844
7 0.725938 0.306328 0.027686 0.030469
7 0.677818 0.300469 0.013184 0.018750
1 0.592124 0.403593 0.013184 0.032812
1 0.600694 0.398906 0.017139 0.037500
1 0.619810 0.396562 0.026367 0.037500
1 0.837998 0.381328 0.080420 0.058594
1 0.191343 0.415312 0.084375 0.089062
2 0.562461 0.403593 0.032959 0.037500
2 0.532139 0.408281 0.027686 0.037500
1 0.414805 0.418828 0.027686 0.039844
1 0.313951 0.436406 0.084375 0.117187
1 0.114219 0.497343 0.209619 0.178125
