6 0.727915 0.196172 0.015820 0.058594
6 0.528184 0.450468 0.011865 0.028125
6 0.371958 0.451640 0.010547 0.030469
6 0.130040 0.292265 0.011865 0.049219
6 0.712754 0.199687 0.011865 0.056250
6 0.743735 0.200859 0.013184 0.058594
6 0.723960 0.416484 0.013184 0.030469
6 0.921055 0.405937 0.019775 0.032812
7 0.352842 0.471562 0.011865 0.014062
7 0.955991 0.333281 0.031641 0.018750
7 0.935557 0.296953 0.017139 0.025781
7 0.786582 0.206719 0.038232 0.051562
1 0.356138 0.516093 0.021094 0.028125
1 0.340318 0.512578 0.021094 0.044531
1 0.308677 0.512578 0.055371 0.110156
1 0.424693 0.512578 0.018457 0.049219
1 0.389756 0.503203 0.056689 0.119531
1 0.475449 0.518437 0.098877 0.145312
1 0.664634 0.548906 0.152930 0.168750
1 0.157066 0.537187 0.313769 0.435937
