1 0.863942 0.674289 0.269948 0.435301
1 0.875802 0.482956 0.245657 0.132297
1 0.170439 0.512036 0.126429 0.125021
1 0.274463 0.500027 0.089621 0.095311
1 0.358483 0.477266 0.038409 0.064015
1 0.429699 0.488646 0.064015 0.109536
1 0.546926 0.500027 0.079218 0.123762
1 0.654551 0.508562 0.081619 0.092466
1 0.479311 0.480822 0.033608 0.048367
1 0.312072 0.487224 0.030407 0.069705
1 0.328476 0.485090 0.020005 0.068282
1 0.336878 0.461618 0.012803 0.024183
1 0.388090 0.475843 0.025606 0.055479
1 0.598538 0.504294 0.030407 0.052634
6 0.818189 0.108825 0.020005 0.092466
6 0.796984 0.118072 0.022405 0.085353
6 0.334077 0.120206 0.020005 0.095311
7 0.023366 0.255395 0.012510 0.020016
7 0.032748 0.228707 0.048790 0.028913
7 0.009806 0.197570 0.019612 0.020016
