7 0.299283 0.188964 0.036547 0.055949
7 0.299283 0.331544 0.012182 0.023463
6 0.519076 0.253035 0.009137 0.028877
6 0.461209 0.261157 0.005076 0.019853
6 0.422631 0.284619 0.007106 0.019853
6 0.401312 0.255742 0.005076 0.019853
6 0.373901 0.260254 0.005076 0.018048
6 0.346490 0.262059 0.007106 0.018048
6 0.320095 0.265669 0.005076 0.018048
6 0.286593 0.268376 0.005076 0.023463
1 0.370855 0.304472 0.015228 0.019853
1 0.396743 0.301765 0.014213 0.018048
1 0.347506 0.300862 0.013198 0.016243
1 0.302836 0.300862 0.021319 0.030682
1 0.275426 0.305374 0.029441 0.021658
1 0.241416 0.304472 0.026395 0.023463
1 0.466285 0.321618 0.033502 0.054144
1 0.497756 0.326130 0.051776 0.070388
1 0.535827 0.318911 0.040608 0.081217
1 0.570851 0.342373 0.092384 0.110094
1 0.677956 0.317106 0.058882 0.066778
1 0.732269 0.313496 0.065988 0.059559
1 0.773385 0.309886 0.034517 0.063168
1 0.859170 0.303570 0.092384 0.093850
1 0.879474 0.313496 0.072080 0.092045
1 0.156139 0.331544 0.115734 0.124532
1 0.631764 0.364031 0.128931 0.128142
1 0.927697 0.332447 0.142129 0.166043
1 0.066733 0.314762 0.023167 0.047288
2 0.024571 0.316287 0.049143 0.050339
