7 0.231165 0.264040 0.021050 0.029107
7 0.571090 0.260575 0.013254 0.016632
1 0.107981 0.474024 0.215962 0.324333
1 0.842797 0.497587 0.299384 0.388090
1 0.228046 0.411653 0.148912 0.207905
1 0.308350 0.401951 0.078744 0.127515
1 0.348112 0.406802 0.042881 0.084548
1 0.384755 0.382546 0.031965 0.049897
1 0.406585 0.381160 0.019491 0.047125
1 0.422568 0.366607 0.009356 0.026335
1 0.459601 0.372844 0.010135 0.033265
1 0.477143 0.372151 0.012474 0.040195
1 0.492346 0.380467 0.007017 0.056827
1 0.504820 0.383932 0.010135 0.066530
1 0.586683 0.402644 0.092778 0.159394
1 0.543413 0.390862 0.054575 0.124743
1 0.674783 0.419969 0.180098 0.221766
