1 0.640305 0.462129 0.008608 0.010202
1 0.628350 0.463829 0.009564 0.010202
1 0.618308 0.465529 0.008608 0.010202
1 0.670431 0.471480 0.007651 0.028904
1 0.656659 0.459918 0.015302 0.015302
1 0.579574 0.477771 0.015302 0.013602
1 0.560924 0.481172 0.012433 0.017003
1 0.542753 0.484572 0.018171 0.017003
1 0.511192 0.497324 0.016259 0.015302
1 0.492542 0.502425 0.019128 0.015302
1 0.431333 0.513476 0.022953 0.023804
1 0.296482 0.552582 0.051645 0.061209
1 0.175498 0.572985 0.062165 0.081612
1 0.228578 0.567034 0.078424 0.076511
1 0.688602 0.473520 0.036343 0.049307
6 0.603962 0.428124 0.008608 0.010202
6 0.631697 0.420473 0.008608 0.011902
6 0.636957 0.435775 0.005738 0.015302
6 0.624524 0.441726 0.005738 0.013602
6 0.635523 0.186603 0.014346 0.062909
6 0.821780 0.331974 0.028692 0.040806
7 0.380644 0.327299 0.022953 0.015302
7 0.745508 0.215082 0.023910 0.045907
7 0.810542 0.268640 0.016259 0.030605
7 0.815803 0.300945 0.019128 0.017003
7 0.657041 0.419112 0.007651 0.008501
7 0.657998 0.431014 0.007651 0.008501
7 0.589138 0.454818 0.007651 0.011902
1 0.354343 0.538980 0.051645 0.052708
