1 0.641578 0.370689 0.023139 0.020568
1 0.170912 0.364145 0.026294 0.033657
3 0.450637 0.352926 0.049343 0.065443
3 0.380739 0.344512 0.090452 0.074792
3 0.330781 0.349186 0.062054 0.061704
3 0.241906 0.338903 0.113591 0.086011
6 0.590567 0.334228 0.005259 0.020568
7 0.361808 0.288418 0.023139 0.014958
7 0.663665 0.312725 0.012621 0.022438
7 0.792506 0.300571 0.030501 0.061704
7 0.391783 0.292157 0.022087 0.041136
7 0.743073 0.328619 0.007362 0.024307
1 0.684174 0.368819 0.017880 0.026177
1 0.664716 0.368819 0.021035 0.033657
1 0.621068 0.365080 0.015776 0.022438
1 0.587937 0.369754 0.027346 0.028047
1 0.864552 0.488020 0.268200 0.469322
3 0.034708 0.347784 0.069417 0.054224
