7 0.259786 0.143838 0.024370 0.045058
6 0.473757 0.278145 0.007798 0.022529
6 0.485454 0.278145 0.007798 0.019063
7 0.509337 0.302407 0.008773 0.015597
7 0.514211 0.248684 0.010723 0.046791
1 0.501539 0.324936 0.016572 0.032927
1 0.486429 0.324936 0.013647 0.025995
1 0.467420 0.324936 0.020471 0.022529
1 0.455723 0.322336 0.018521 0.034660
1 0.510799 0.326669 0.021446 0.036393
6 0.538094 0.306740 0.007798 0.010398
6 0.531270 0.308473 0.007798 0.013864
1 0.531758 0.323203 0.022421 0.019063
1 0.528833 0.350064 0.039967 0.048524
1 0.584885 0.345732 0.081884 0.133440
1 0.429890 0.337933 0.040942 0.069320
1 0.683340 0.409853 0.134523 0.157702
7 0.621927 0.228755 0.011698 0.062388
7 0.386999 0.274679 0.009748 0.015597
7 0.212508 0.280745 0.011698 0.027728
