6 0.477427 0.366093 0.010547 0.032812
6 0.292198 0.348515 0.009229 0.030469
6 0.417442 0.424687 0.009229 0.028125
6 0.303404 0.347344 0.010547 0.032812
6 0.627061 0.421172 0.022412 0.025781
6 0.582237 0.437578 0.011865 0.021094
7 0.613218 0.341484 0.023730 0.021094
7 0.625742 0.383672 0.017139 0.011719
7 0.571690 0.395390 0.017139 0.016406
7 0.535435 0.374297 0.018457 0.025781
7 0.497202 0.402422 0.031641 0.025781
7 0.213096 0.359062 0.022412 0.018750
7 0.257920 0.352031 0.035596 0.018750
1 0.437876 0.478593 0.026367 0.046875
1 0.369981 0.479765 0.030322 0.067969
1 0.277037 0.480937 0.065918 0.089062
1 0.193980 0.496172 0.139746 0.171094
1 0.569712 0.507890 0.100195 0.105469
1 0.619151 0.530156 0.061963 0.140625
1 0.737803 0.561796 0.249170 0.302344
1 0.517637 0.479765 0.011865 0.072656
1 0.330430 0.480937 0.040869 0.065625
1 0.396348 0.491484 0.048779 0.072656
1 0.484019 0.498515 0.081738 0.142969
1 0.879526 0.655546 0.239941 0.494531
1 0.121470 0.693046 0.242578 0.611718
