6 0.045665 0.527812 0.009229 0.018750
6 0.134654 0.411797 0.010547 0.030469
6 0.284288 0.375468 0.014502 0.037500
6 0.310655 0.452812 0.006592 0.018750
6 0.355479 0.486797 0.009229 0.021094
6 0.292857 0.495000 0.007910 0.018750
6 0.155748 0.477422 0.007910 0.021094
6 0.403599 0.449297 0.010547 0.025781
6 0.410191 0.411797 0.010547 0.021094
6 0.416783 0.480937 0.013184 0.023437
7 0.056871 0.504375 0.018457 0.014062
7 0.410850 0.394218 0.017139 0.023437
7 0.433262 0.384843 0.014502 0.028125
7 0.441172 0.427031 0.009229 0.032812
7 0.429966 0.429375 0.010547 0.018750
7 0.400962 0.480937 0.007910 0.037500
6 0.416123 0.335625 0.014502 0.051562
1 0.284947 0.544218 0.015820 0.028125
1 0.221665 0.557109 0.015820 0.025781
1 0.207823 0.565312 0.019775 0.032812
1 0.079942 0.577031 0.067236 0.070312
3 0.351524 0.530156 0.027686 0.051562
1 0.319883 0.546562 0.061963 0.051562
1 0.248033 0.547734 0.036914 0.058594
1 0.165635 0.571171 0.064600 0.105469
1 0.384483 0.538359 0.014502 0.021094
7 0.494299 0.224702 0.042299 0.127122
