6 0.276377 0.552421 0.009229 0.030469
6 0.337022 0.554765 0.009229 0.021094
6 0.414805 0.554765 0.009229 0.025781
6 0.467539 0.553593 0.009229 0.028125
7 0.242759 0.578203 0.015820 0.021094
7 0.201890 0.575859 0.010547 0.039844
7 0.491929 0.568828 0.013184 0.016406
7 0.490611 0.525468 0.010547 0.028125
7 0.467539 0.575859 0.011865 0.016406
7 0.449742 0.568828 0.010547 0.016406
7 0.562461 0.512578 0.009229 0.021094
7 0.569712 0.532500 0.007910 0.023437
7 0.274400 0.585234 0.013184 0.016406
7 0.507090 0.546562 0.009229 0.018750
7 0.508408 0.561796 0.011865 0.021094
1 0.161680 0.656718 0.043506 0.089062
1 0.329112 0.633281 0.017139 0.042187
1 0.443150 0.642656 0.036914 0.056250
1 0.478086 0.636796 0.032959 0.044531
1 0.307359 0.633281 0.021094 0.032812
1 0.375913 0.671953 0.102832 0.166406
1 0.226280 0.681328 0.112060 0.128906
2 0.072600 0.611015 0.145201 0.372656
