1 0.374354 0.440434 0.026669 0.027449
1 0.306307 0.467143 0.056084 0.036735
1 0.267934 0.486428 0.037194 0.075306
1 0.235906 0.498255 0.059923 0.098960
1 0.183328 0.518103 0.109743 0.134127
1 0.091779 0.547723 0.151875 0.158431
2 0.405000 0.420612 0.030995 0.056939
1 0.412603 0.450294 0.035793 0.047168
1 0.448276 0.462893 0.062223 0.084843
1 0.502086 0.477865 0.108081 0.132255
1 0.551192 0.541676 0.151875 0.199271
1 0.847103 0.556968 0.304592 0.257024
1 0.034000 0.592808 0.068001 0.221778
6 0.455558 0.321280 0.011083 0.021211
6 0.297774 0.332509 0.011067 0.018715
6 0.464538 0.321904 0.004913 0.024954
6 0.226339 0.417352 0.007720 0.011229
7 0.229848 0.379921 0.010527 0.008734
