6 0.617832 0.159844 0.006592 0.055312
6 0.099058 0.150000 0.013184 0.070312
6 0.112901 0.160547 0.011865 0.072656
6 0.627720 0.164062 0.010547 0.056250
6 0.976426 0.390234 0.014502 0.035156
6 0.729893 0.445312 0.009229 0.032812
1 0.279014 0.488672 0.022412 0.039844
1 0.262535 0.485156 0.010547 0.032812
1 0.249351 0.482812 0.015820 0.037500
1 0.242759 0.481640 0.018457 0.039844
1 0.229576 0.480468 0.021094 0.051562
1 0.209141 0.482812 0.019775 0.065625
1 0.173545 0.492187 0.067236 0.093750
1 0.348228 0.529687 0.166113 0.178125
1 0.820859 0.555468 0.357275 0.304687
