7 0.513660 0.472393 0.010797 0.019194
7 0.504663 0.496919 0.016795 0.029858
1 0.459076 0.523578 0.016795 0.027725
1 0.409291 0.532109 0.008398 0.023460
1 0.392496 0.537440 0.022793 0.034123
1 0.432684 0.545971 0.050385 0.068246
1 0.371502 0.529976 0.009597 0.023460
1 0.362505 0.539573 0.010797 0.029858
1 0.343311 0.540639 0.032390 0.044787
1 0.324716 0.550237 0.016795 0.034123
1 0.310920 0.551303 0.022793 0.057583
1 0.283328 0.556635 0.041988 0.063981
1 0.242540 0.569431 0.061182 0.081043
1 0.189156 0.586493 0.095972 0.106635
1 0.097983 0.603554 0.136759 0.157820
1 0.038001 0.640876 0.074378 0.181280
1 0.479470 0.526777 0.028791 0.055450
1 0.520258 0.540639 0.057583 0.087441
1 0.691133 0.533398 0.087722 0.127515
1 0.618629 0.583293 0.153554 0.151422
1 0.820169 0.558767 0.220734 0.204739
