6 0.255176 0.172500 0.018867 0.037500
6 0.433476 0.214687 0.010547 0.028125
6 0.524180 0.252187 0.008437 0.016875
6 0.547383 0.255937 0.008437 0.020625
7 0.294258 0.099375 0.012656 0.030000
7 0.254180 0.088125 0.048516 0.026250
1 0.543309 0.322092 0.021094 0.095935
1 0.405145 0.276937 0.021094 0.035625
1 0.879492 0.320176 0.088594 0.080625
1 0.369023 0.307051 0.078047 0.099375
1 0.449707 0.315488 0.089648 0.120000
1 0.051035 0.401738 0.100195 0.330000
1 0.947519 0.336113 0.098086 0.183750
6 0.277793 0.171113 0.017930 0.037500
2 0.719123 0.235801 0.333394 0.466875
6 0.483597 0.260355 0.004747 0.016878
6 0.514926 0.268794 0.004747 0.013502
