7 0.592473 0.324245 0.018353 0.026511
6 0.642372 0.268165 0.014912 0.036707
7 0.279317 0.342190 0.019501 0.012236
7 0.283332 0.352387 0.011471 0.012236
7 0.359040 0.355446 0.016059 0.010196
7 0.367643 0.365642 0.014912 0.010196
7 0.570105 0.406427 0.011471 0.010196
6 0.271861 0.391133 0.020648 0.020393
6 0.430160 0.310989 0.009177 0.034668
6 0.536839 0.317107 0.009177 0.046903
6 0.543148 0.391541 0.008030 0.016314
7 0.460902 0.388482 0.009177 0.014275
1 0.545442 0.429267 0.019501 0.046903
1 0.458837 0.453739 0.027530 0.055060
3 0.659922 0.419071 0.175505 0.275302
1 0.403776 0.462915 0.041295 0.044864
1 0.506441 0.481269 0.076855 0.146828
