1 0.386275 0.387458 0.036896 0.057966
1 0.289315 0.399661 0.165604 0.170847
1 0.478944 0.384407 0.024883 0.045763
1 0.499537 0.379068 0.016303 0.032034
1 0.522705 0.372966 0.019735 0.025932
1 0.540724 0.366864 0.012871 0.016780
1 0.554453 0.368390 0.007722 0.013729
1 0.568611 0.370678 0.008581 0.015254
1 0.582339 0.372966 0.012013 0.016780
1 0.576762 0.370678 0.004290 0.015254
1 0.637594 0.422509 0.098496 0.137222
1 0.644977 0.338644 0.048051 0.030508
1 0.432180 0.369152 0.065212 0.122034
7 0.631248 0.165508 0.102966 0.065593
6 0.565178 0.334068 0.005148 0.012203
