1 0.557098 0.355353 0.014346 0.020403
1 0.674352 0.349402 0.029648 0.022103
1 0.711651 0.385107 0.073642 0.093514
1 0.512244 0.361304 0.009564 0.015302
1 0.496941 0.364704 0.026779 0.042506
1 0.487856 0.374906 0.027735 0.042506
1 0.463372 0.379156 0.043038 0.064610
1 0.434202 0.398709 0.043994 0.083312
1 0.402641 0.414012 0.078424 0.100315
1 0.315323 0.449717 0.176933 0.185328
1 0.626118 0.393325 0.095639 0.115617
1 0.784401 0.405227 0.138677 0.119018
1 0.974372 0.474371 0.049732 0.187028
7 0.644608 0.297909 0.011477 0.015302
