1 0.444440 0.437292 0.017660 0.031395
1 0.401552 0.435050 0.020183 0.031395
1 0.389624 0.428173 0.016286 0.017008
1 0.464623 0.441403 0.022706 0.033638
1 0.422365 0.435797 0.023967 0.035880
1 0.535262 0.472799 0.113528 0.168189
1 0.824127 0.401038 0.191736 0.136794
1 0.128899 0.482599 0.121469 0.106299
1 0.262796 0.501951 0.163985 0.168189
1 0.956576 0.377865 0.083254 0.114369
6 0.322082 0.370016 0.010091 0.026910
7 0.475976 0.408139 0.015137 0.022425
7 0.458946 0.412624 0.008830 0.022425
1 0.048433 0.496417 0.080123 0.110551
6 0.364141 0.370772 0.010763 0.021260
1 0.371317 0.435614 0.010763 0.019134
