6 0.575185 0.188281 0.015445 0.067119
6 0.467500 0.452179 0.007722 0.021356
6 0.416875 0.448366 0.006006 0.022881
6 0.347802 0.478874 0.006864 0.016780
7 0.077332 0.369806 0.024883 0.039661
7 0.763956 0.224128 0.027458 0.074746
7 0.762669 0.350738 0.021451 0.022881
7 0.784120 0.337010 0.021451 0.019831
7 0.757521 0.307264 0.018019 0.024407
7 0.770821 0.374382 0.036038 0.027458
7 0.774253 0.412518 0.022309 0.027458
7 0.782833 0.320993 0.022309 0.021356
7 0.984904 0.349976 0.023167 0.057966
7 0.984046 0.399552 0.019735 0.047288
6 0.789269 0.416332 0.019735 0.035085
6 0.757092 0.417094 0.012013 0.027458
7 0.275112 0.481271 0.018877 0.090000
7 0.276829 0.543051 0.015445 0.030508
1 0.411972 0.515702 0.009439 0.019831
1 0.404678 0.517990 0.017161 0.024407
1 0.387088 0.521804 0.016303 0.044237
1 0.378079 0.525617 0.022309 0.051864
1 0.365637 0.527905 0.030032 0.053390
1 0.344186 0.533244 0.042044 0.070169
1 0.315870 0.545448 0.067786 0.082373
1 0.442432 0.517228 0.010297 0.019831
1 0.452729 0.514939 0.013729 0.030508
1 0.455303 0.520278 0.008581 0.019831
1 0.468174 0.517228 0.027458 0.044237
1 0.560414 0.499685 0.062638 0.094576
1 0.590875 0.534770 0.053199 0.070169
1 0.642297 0.548717 0.090095 0.088475
1 0.516163 0.533462 0.081515 0.118983
1 0.955302 0.581513 0.065212 0.309661
1 0.427171 0.522784 0.028316 0.045763
