6 0.355479 0.446953 0.006592 0.021094
6 0.398326 0.472734 0.007910 0.021094
6 0.449742 0.427031 0.007910 0.023437
6 0.449082 0.464531 0.006592 0.023437
7 0.500498 0.425859 0.011865 0.021094
7 0.356138 0.466875 0.010547 0.014062
7 0.816904 0.284062 0.040869 0.135937
1 0.045665 0.538359 0.048779 0.039844
1 0.092466 0.530156 0.052734 0.037500
1 0.138609 0.524297 0.052734 0.049219
1 0.215074 0.517265 0.036914 0.030469
1 0.261216 0.520781 0.029004 0.032812
1 0.466880 0.503203 0.010547 0.021094
1 0.458970 0.511406 0.015820 0.018750
1 0.478745 0.504375 0.013184 0.028125
1 0.486656 0.517265 0.018457 0.030469
1 0.511045 0.510234 0.048779 0.067969
1 0.530161 0.526640 0.042187 0.063281
1 0.440513 0.510234 0.021094 0.030469
1 0.415464 0.510234 0.018457 0.030469
1 0.571690 0.532500 0.075146 0.084375
1 0.316587 0.524297 0.050098 0.067969
