6 0.558077 0.049390 0.036068 0.091849
6 0.591708 0.046791 0.025345 0.086650
6 0.778384 0.491303 0.030219 0.053723
6 0.735980 0.493036 0.015597 0.057189
7 0.734030 0.385591 0.015597 0.036393
7 0.774972 0.401188 0.048740 0.029461
7 0.747678 0.434981 0.056539 0.041592
7 0.548817 0.582285 0.015597 0.034660
7 0.502026 0.602215 0.009748 0.022529
1 0.455723 0.627343 0.014622 0.020796
1 0.428915 0.629076 0.015597 0.020796
1 0.491791 0.638607 0.028269 0.036393
1 0.411856 0.626477 0.012672 0.022529
1 0.399184 0.633408 0.022421 0.029461
1 0.378225 0.644673 0.027295 0.034660
