1 0.510633 0.678740 0.021035 0.024307
1 0.517995 0.685284 0.023139 0.029917
1 0.538504 0.681545 0.036812 0.041136
1 0.414396 0.685284 0.022087 0.037396
1 0.405982 0.682480 0.017880 0.039266
1 0.385998 0.696503 0.017880 0.048615
1 0.366015 0.694633 0.030501 0.056094
1 0.353394 0.697438 0.030501 0.057964
1 0.329203 0.704917 0.030501 0.065443
1 0.295546 0.709592 0.053640 0.086011
1 0.247428 0.723615 0.086771 0.121537
1 0.110961 0.725485 0.188266 0.215028
1 0.466984 0.713331 0.104125 0.130886
1 0.012621 0.747923 0.025242 0.256164
1 0.947614 0.799776 0.104180 0.213158
3 0.724667 0.607687 0.341824 0.577770
7 0.983643 0.517002 0.030018 0.086011
