7 0.268153 0.158089 0.022231 0.074884
6 0.429623 0.293298 0.008190 0.016641
6 0.361174 0.249615 0.009361 0.016641
1 0.116233 0.404584 0.232466 0.326580
1 0.237146 0.367142 0.100626 0.168490
1 0.289215 0.342181 0.085415 0.139368
1 0.328997 0.348421 0.015211 0.060324
1 0.351228 0.356741 0.024571 0.043683
1 0.401442 0.366102 0.036073 0.041602
1 0.682944 0.445147 0.114669 0.124807
1 0.536684 0.409785 0.072544 0.087365
1 0.472331 0.386903 0.044463 0.058243
1 0.604548 0.423305 0.049143 0.064484
1 0.587582 0.404584 0.024571 0.052003
1 0.437228 0.365062 0.011701 0.014561
1 0.450684 0.372342 0.010531 0.012481
7 0.330752 0.243375 0.011701 0.045763
