6 0.185010 0.018018 0.017932 0.030493
6 0.179552 0.058214 0.008576 0.022177
6 0.434886 0.085934 0.007796 0.022177
6 0.562358 0.065144 0.005458 0.016632
6 0.477767 0.069302 0.006237 0.011088
7 0.587307 0.063758 0.014813 0.011088
7 0.660983 0.082469 0.010915 0.029107
7 0.356532 0.078311 0.010135 0.031879
1 0.549104 0.144841 0.031965 0.056827
1 0.565867 0.128901 0.009356 0.027721
1 0.583019 0.120585 0.017152 0.030493
2 0.558850 0.095637 0.026508 0.047125
1 0.533511 0.123357 0.011695 0.019405
1 0.496088 0.119199 0.017932 0.027721
1 0.520257 0.119892 0.013254 0.020791
7 0.617869 0.054748 0.007017 0.020791
1 0.469814 0.122664 0.014034 0.012474
7 0.760147 0.054915 0.019735 0.042712
