7 0.267891 0.315937 0.027422 0.020625
7 0.265254 0.253125 0.055898 0.097500
7 0.878554 0.270000 0.023203 0.022500
7 0.880136 0.212812 0.051680 0.091875
7 0.352793 0.357991 0.011602 0.013125
7 0.374414 0.369241 0.010547 0.009375
7 0.593789 0.336428 0.010547 0.011250
7 0.516797 0.344687 0.012656 0.024375
7 0.592734 0.310937 0.023203 0.035625
7 0.375469 0.352187 0.012656 0.020625
7 0.351211 0.333437 0.023203 0.035625
3 0.276328 0.390937 0.044297 0.063750
1 0.385488 0.390937 0.013711 0.018750
1 0.449824 0.386250 0.026367 0.020625
1 0.475137 0.383437 0.028477 0.030000
1 0.582736 0.385019 0.044297 0.065625
1 0.662892 0.400019 0.069609 0.069375
7 0.263198 0.336200 0.015597 0.017330
