1 0.455195 0.499921 0.015950 0.017328
1 0.433929 0.501496 0.021266 0.023629
1 0.488866 0.487319 0.026583 0.029930
1 0.537207 0.498989 0.047849 0.050408
1 0.662205 0.525823 0.108102 0.157526
1 0.713317 0.571820 0.193167 0.264644
7 0.184875 0.351959 0.025696 0.031505
7 0.393422 0.414294 0.014177 0.026779
7 0.413802 0.471791 0.010633 0.018903
7 0.581272 0.430834 0.016836 0.025204
7 0.566652 0.422170 0.014177 0.023629
7 0.556019 0.434773 0.014177 0.014177
6 0.521018 0.388302 0.006203 0.022054
6 0.527347 0.390215 0.005317 0.018903
6 0.516271 0.390215 0.006203 0.022054
6 0.415258 0.410694 0.009747 0.018903
1 0.018102 0.510236 0.033484 0.025512
6 0.613480 0.433701 0.011959 0.010630
1 0.506449 0.496417 0.010763 0.017008
1 0.349357 0.616536 0.009567 0.008504
