6 0.261133 0.440986 0.008190 0.016641
6 0.417922 0.157049 0.017551 0.164330
6 0.572372 0.457627 0.010531 0.016641
6 0.529664 0.470108 0.007020 0.016641
6 0.711025 0.477389 0.009361 0.014561
6 0.856114 0.550193 0.014041 0.018721
6 0.249432 0.535632 0.010531 0.018721
6 0.560086 0.559554 0.009361 0.016641
7 0.695814 0.552273 0.007020 0.022881
1 0.136520 0.608436 0.147429 0.068644
1 0.512698 0.580355 0.012871 0.020801
1 0.498072 0.589715 0.018721 0.027042
1 0.475256 0.592836 0.026912 0.045763
1 0.458290 0.590755 0.009361 0.024961
1 0.448344 0.588675 0.015211 0.033282
1 0.431378 0.594916 0.023401 0.041602
1 0.402126 0.588675 0.018721 0.045763
1 0.374045 0.592836 0.042123 0.045763
1 0.682547 0.592489 0.035894 0.028428
1 0.763093 0.638598 0.090095 0.087365
1 0.980720 0.651079 0.036284 0.066564
1 0.985991 0.742605 0.025742 0.128968
1 0.883025 0.663560 0.170830 0.162250
7 0.910522 0.564754 0.012871 0.022881
7 0.529664 0.539792 0.009361 0.027042
7 0.846753 0.514831 0.018721 0.035362
7 0.066316 0.341140 0.046803 0.054083
6 0.180398 0.364022 0.012871 0.045763
6 0.196194 0.366102 0.018721 0.049923
7 0.604926 0.550540 0.014041 0.008320
1 0.650559 0.587982 0.023401 0.029122
