1 0.502981 0.627675 0.011208 0.014945
1 0.512088 0.637639 0.018214 0.024908
1 0.513489 0.650092 0.021016 0.029889
1 0.535205 0.653829 0.042032 0.047325
1 0.495976 0.630166 0.011208 0.019926
1 0.487569 0.631412 0.014011 0.017435
1 0.474259 0.636393 0.012610 0.017435
1 0.443436 0.645111 0.023818 0.039852
1 0.483366 0.651338 0.025219 0.032380
1 0.567430 0.676246 0.053240 0.072232
1 0.614777 0.677277 0.047058 0.069314
1 0.421719 0.655074 0.036428 0.049816
1 0.143609 0.797048 0.287218 0.401015
7 0.388795 0.511854 0.021016 0.027399
7 0.486168 0.597786 0.019615 0.019926
7 0.505783 0.596541 0.016813 0.022417
7 0.586344 0.600277 0.012610 0.024908
7 0.678114 0.570388 0.022417 0.029889
