1 0.064321 0.619558 0.128642 0.291068
6 0.102523 0.354825 0.027288 0.038809
6 0.743002 0.248794 0.014034 0.056827
6 0.912575 0.466401 0.013254 0.031879
6 0.440500 0.222459 0.023389 0.034651
6 0.725460 0.248101 0.017932 0.049897
6 0.894643 0.466401 0.016373 0.029107
6 0.649055 0.500359 0.010135 0.019405
6 0.609293 0.492043 0.010135 0.016632
1 0.475194 0.553722 0.069388 0.079004
1 0.818238 0.659060 0.286130 0.322946
1 0.514704 0.550949 0.022610 0.054055
1 0.531466 0.546791 0.009356 0.045739
1 0.545110 0.539861 0.014813 0.034651
1 0.563822 0.536396 0.017932 0.036037
1 0.579804 0.535010 0.015593 0.027721
1 0.597736 0.531545 0.015593 0.018018
1 0.622685 0.531545 0.014034 0.023563
1 0.635159 0.530852 0.010915 0.019405
1 0.694802 0.544712 0.035084 0.047125
1 0.671413 0.537089 0.024169 0.031879
1 0.654650 0.531545 0.021830 0.031879
6 0.406723 0.445611 0.010915 0.023563
6 0.342402 0.424127 0.016373 0.033265
7 0.400486 0.380467 0.017152 0.018018
