1 0.388010 0.275510 0.034439 0.048980
1 0.371221 0.303827 0.055963 0.090306
1 0.441821 0.358163 0.135172 0.232653
1 0.506394 0.336735 0.043909 0.097959
1 0.528348 0.314541 0.020663 0.053571
1 0.278667 0.345919 0.163584 0.195918
1 0.086384 0.352296 0.172768 0.231123
3 0.798262 0.328827 0.260874 0.292347
1 0.959694 0.413010 0.075765 0.172959
6 0.193862 0.209694 0.011193 0.015306
6 0.312676 0.133929 0.009471 0.026020
6 0.381123 0.238010 0.008610 0.013776
6 0.414700 0.249490 0.008610 0.015306
6 0.480995 0.250255 0.006888 0.016837
6 0.531362 0.261735 0.009471 0.015306
6 0.624777 0.150000 0.010332 0.018367
7 0.197736 0.113265 0.025829 0.018367
7 0.596796 0.219643 0.011193 0.029082
7 0.964860 0.115816 0.022385 0.039796
7 0.972609 0.155612 0.022385 0.033673
7 0.718623 0.160969 0.020663 0.016837
