1 0.453515 0.510000 0.168750 0.281250
1 0.850955 0.586468 0.295668 0.426687
1 0.765176 0.449062 0.125508 0.151875
1 0.570586 0.440000 0.061172 0.082500
1 0.666562 0.431562 0.048516 0.073125
1 0.625957 0.430000 0.030586 0.037500
1 0.336973 0.434062 0.013711 0.024375
1 0.360176 0.434062 0.015820 0.020625
1 0.378633 0.432187 0.010547 0.020625
1 0.320098 0.429375 0.015820 0.018750
1 0.306914 0.425625 0.012656 0.026250
1 0.286348 0.416250 0.013711 0.022500
1 0.187734 0.418125 0.021094 0.030000
1 0.201445 0.415312 0.018984 0.024375
1 0.215156 0.418125 0.029531 0.030000
1 0.233086 0.418125 0.023203 0.026250
1 0.253125 0.420000 0.016875 0.022500
1 0.145019 0.428437 0.083320 0.054375
1 0.520488 0.425759 0.007383 0.039375
1 0.531035 0.431384 0.015820 0.028125
1 0.545273 0.422009 0.014766 0.035625
1 0.600117 0.425759 0.014766 0.035625
1 0.613301 0.429509 0.009492 0.020625
7 0.386543 0.350893 0.009492 0.015000
1 0.345410 0.429643 0.007383 0.018750
7 0.945788 0.357129 0.022148 0.056250
