1 0.335821 0.478595 0.010723 0.015597
1 0.316813 0.482927 0.019496 0.027728
1 0.352880 0.479461 0.013647 0.020796
1 0.371402 0.494191 0.019496 0.025995
1 0.378713 0.497657 0.014622 0.025995
1 0.403570 0.501990 0.038992 0.051990
1 0.432815 0.531451 0.042892 0.086650
1 0.487891 0.549647 0.110153 0.119576
1 0.283669 0.485527 0.037043 0.046791
1 0.218844 0.474262 0.047766 0.048524
1 0.083346 0.499390 0.088708 0.081451
1 0.020958 0.517587 0.041917 0.305007
1 0.702494 0.609434 0.331919 0.396044
7 0.808316 0.435674 0.033523 0.024262
