2 0.085620 0.629480 0.171240 0.186356
1 0.202847 0.679979 0.034408 0.045522
1 0.242456 0.682824 0.036808 0.048367
1 0.226452 0.672866 0.020805 0.028451
1 0.287076 0.680691 0.038028 0.035564
1 0.340879 0.672155 0.011203 0.021338
1 0.351681 0.677134 0.012003 0.017071
1 0.361684 0.677134 0.006401 0.019916
1 0.523321 0.681402 0.019204 0.054057
1 0.495314 0.684247 0.048011 0.076818
1 0.564530 0.678557 0.028006 0.039831
1 0.537324 0.671444 0.012003 0.019916
7 0.503316 0.423209 0.027206 0.046944
7 0.696961 0.601028 0.009602 0.027028
6 0.471309 0.436723 0.030407 0.036986
