1 0.405395 0.586406 0.009229 0.018750
1 0.396826 0.589453 0.010547 0.016406
1 0.386938 0.591796 0.009229 0.021094
1 0.353979 0.603515 0.011865 0.021094
1 0.339477 0.609375 0.014502 0.018750
1 0.321679 0.616406 0.015820 0.018750
1 0.235986 0.651562 0.021094 0.037500
1 0.205005 0.669140 0.048779 0.053906
1 0.177978 0.672656 0.021094 0.037500
1 0.417260 0.588281 0.014502 0.037500
1 0.428467 0.585937 0.013184 0.042187
1 0.437036 0.583593 0.009229 0.051562
3 0.464062 0.547265 0.050098 0.133594
1 0.497680 0.561328 0.083057 0.105469
1 0.375073 0.598828 0.017139 0.030469
1 0.286084 0.660937 0.089648 0.131250
1 0.100195 0.763593 0.200390 0.281250
