1 0.463241 0.343106 0.016398 0.022425
1 0.444319 0.350955 0.023967 0.029153
1 0.395755 0.375623 0.078208 0.078488
1 0.291687 0.392442 0.104698 0.094186
1 0.569200 0.366653 0.029013 0.029153
1 0.581814 0.378986 0.026490 0.031395
1 0.596951 0.380108 0.029013 0.033638
1 0.611457 0.384593 0.027751 0.042608
1 0.635424 0.393563 0.050457 0.060548
1 0.670113 0.403654 0.051718 0.080731
1 0.727508 0.417109 0.111005 0.107641
7 0.962763 0.168189 0.051718 0.035880
7 0.957717 0.210797 0.031535 0.049336
6 0.984837 0.273588 0.027751 0.058306
6 0.636686 0.038123 0.022706 0.076246
6 0.555955 0.326287 0.012614 0.033638
6 0.528834 0.325166 0.011353 0.022425
6 0.152931 0.309468 0.013876 0.031395
6 0.638578 0.294892 0.008830 0.042608
