6 0.418422 0.463319 0.012433 0.032305
6 0.512148 0.470970 0.010520 0.030605
6 0.644962 0.127235 0.027486 0.108248
6 0.620220 0.124969 0.025823 0.103715
6 0.036753 0.439637 0.030605 0.040806
7 0.054924 0.364583 0.028692 0.020403
7 0.577183 0.465359 0.018171 0.008501
7 0.552316 0.483212 0.010520 0.006801
7 0.570010 0.493413 0.011477 0.020403
7 0.777069 0.381197 0.021997 0.030605
6 0.793806 0.420302 0.040168 0.044207
1 0.526016 0.545781 0.019128 0.032305
1 0.416031 0.546631 0.024866 0.054408
1 0.372993 0.549182 0.061209 0.066310
1 0.469589 0.553432 0.097552 0.159824
