6 0.341519 0.439638 0.017985 0.033750
6 0.557341 0.356151 0.009992 0.055066
6 0.544852 0.359704 0.008993 0.040855
6 0.569831 0.356151 0.014988 0.047961
6 0.254590 0.557763 0.013988 0.024868
7 0.295557 0.464507 0.053956 0.019539
7 0.255090 0.501809 0.014988 0.012434
7 0.804638 0.388125 0.038968 0.044408
7 0.792148 0.433421 0.023980 0.049737
1 0.251470 0.619934 0.083931 0.078158
1 0.723082 0.720592 0.147878 0.259342
1 0.457896 0.734451 0.439638 0.529342
1 0.856068 0.760208 0.284766 0.477829
6 0.807608 0.502642 0.019984 0.040855
6 0.783628 0.512412 0.021982 0.046184
