1 0.914719 0.501174 0.131760 0.055198
1 0.775942 0.495508 0.128642 0.060986
1 0.632741 0.490657 0.126030 0.058214
1 0.491878 0.482341 0.117726 0.058214
1 0.364406 0.463629 0.134099 0.076232
1 0.265865 0.454851 0.020260 0.022639
2 0.229606 0.443301 0.047558 0.067916
1 0.173365 0.451594 0.059197 0.049390
1 0.084007 0.451155 0.044440 0.034651
6 0.331739 0.292800 0.011695 0.066530
6 0.369612 0.208341 0.020151 0.122149
6 0.398636 0.216606 0.023863 0.130363
6 0.330570 0.390169 0.007796 0.020791
7 0.278723 0.424682 0.008576 0.016632
7 0.851178 0.220033 0.031965 0.055441
