6 0.457271 0.062451 0.017578 0.089062
6 0.219966 0.384326 0.008789 0.039062
6 0.119331 0.458545 0.014941 0.015625
6 0.304781 0.418701 0.009668 0.020312
6 0.418160 0.402295 0.011426 0.028125
6 0.427388 0.457764 0.008789 0.017187
6 0.471773 0.065576 0.016699 0.085937
6 0.804878 0.023022 0.030762 0.046045
6 0.444087 0.072607 0.014062 0.084375
6 0.844869 0.271045 0.026367 0.068750
7 0.285005 0.416357 0.008789 0.015625
7 0.261714 0.421045 0.021973 0.015625
7 0.455513 0.406982 0.026367 0.018750
7 0.845308 0.087451 0.041309 0.029687
1 0.328951 0.481982 0.015820 0.034375
1 0.384322 0.496045 0.022852 0.043750
1 0.449361 0.491357 0.028125 0.037500
1 0.302144 0.499170 0.044824 0.059375
1 0.355318 0.491357 0.042187 0.065625
1 0.417720 0.503076 0.038672 0.070312
1 0.613277 0.526514 0.176660 0.217187
1 0.026048 0.539795 0.052095 0.087500
7 0.474790 0.430312 0.013184 0.014062
7 0.478745 0.418593 0.013184 0.014062
7 0.499839 0.408047 0.018457 0.016406
7 0.499180 0.358828 0.011865 0.021094
