1 0.407082 0.646497 0.024107 0.039796
1 0.390724 0.651089 0.010332 0.024490
1 0.384197 0.652653 0.009471 0.027551
1 0.379031 0.654184 0.014636 0.027551
1 0.337787 0.653062 0.022385 0.042857
1 0.319276 0.654592 0.023246 0.052041
1 0.519165 0.617092 0.008610 0.041327
1 0.526914 0.619388 0.013776 0.052041
1 0.539398 0.614031 0.023246 0.059694
1 0.577065 0.589541 0.058115 0.136225
1 0.631091 0.592347 0.102455 0.168367
1 0.695782 0.603061 0.113648 0.195918
1 0.853221 0.588521 0.290147 0.347449
1 0.987102 0.691837 0.022385 0.183674
1 0.359229 0.655562 0.023246 0.035204
1 0.286129 0.656735 0.053380 0.068163
1 0.460475 0.634184 0.095568 0.156123
