1 0.053212 0.305848 0.106425 0.204847
1 0.799385 0.342835 0.400092 0.529189
1 0.262061 0.226186 0.052012 0.062592
1 0.438101 0.207692 0.048811 0.065437
1 0.574133 0.285933 0.162438 0.207692
1 0.522121 0.246101 0.093622 0.128030
1 0.288867 0.221918 0.027206 0.051212
1 0.124829 0.278109 0.108825 0.137987
1 0.417296 0.195601 0.020005 0.038409
1 0.300469 0.211249 0.018404 0.041254
1 0.312872 0.205559 0.016004 0.032719
1 0.325275 0.204136 0.012003 0.029874
1 0.334477 0.204847 0.009602 0.025606
3 0.405694 0.177819 0.035208 0.073973
1 0.341279 0.199868 0.013603 0.024183
1 0.350481 0.197023 0.011203 0.021338
1 0.358883 0.197023 0.012003 0.021338
6 0.409295 0.012092 0.010402 0.021338
6 0.388890 0.129452 0.006401 0.017071
6 0.357683 0.131586 0.006401 0.029874
6 0.422498 0.014937 0.009602 0.024183
6 0.562930 0.084642 0.029607 0.035564
6 0.494114 0.131586 0.018404 0.024183
7 0.480511 0.108825 0.024806 0.015648
6 0.098023 0.147234 0.021605 0.027028
6 0.310072 0.172840 0.010402 0.015648
7 0.312872 0.157903 0.009602 0.011380
