7 0.126238 0.340879 0.094556 0.057189
7 0.089195 0.469987 0.028269 0.045058
7 0.092119 0.430995 0.030219 0.032927
7 0.089195 0.229101 0.030219 0.048524
7 0.302678 0.431862 0.018521 0.020796
7 0.310476 0.521111 0.008773 0.019063
7 0.292442 0.531509 0.011698 0.012131
7 0.291468 0.514179 0.009748 0.012131
7 0.291955 0.493383 0.012673 0.015597
1 0.349469 0.605161 0.018521 0.072786
1 0.333872 0.611226 0.032169 0.081451
1 0.320712 0.563569 0.027295 0.038126
1 0.122826 0.606894 0.146221 0.169833
1 0.840284 0.646753 0.317787 0.308473
1 0.697962 0.606894 0.042892 0.110911
1 0.256862 0.627690 0.158894 0.180231
1 0.027782 0.598229 0.051665 0.086650
1 0.025832 0.625957 0.051665 0.100514
1 0.036555 0.804455 0.073111 0.298075
2 0.551254 0.418691 0.480580 0.837382
