6 0.380331 0.131186 0.017161 0.062542
6 0.546364 0.202881 0.012871 0.047288
6 0.551083 0.337119 0.006864 0.016780
6 0.575537 0.368390 0.007722 0.015254
6 0.395347 0.135000 0.016303 0.064068
6 0.367460 0.133475 0.012013 0.064068
6 0.535209 0.202881 0.011155 0.044237
6 0.555802 0.204407 0.012871 0.050339
6 0.299245 0.352373 0.011155 0.022881
6 0.041830 0.315000 0.014587 0.045763
6 0.011798 0.311949 0.021451 0.054915
7 0.684510 0.291356 0.024025 0.019831
7 0.623588 0.350847 0.015445 0.035085
7 0.962089 0.331017 0.024883 0.065593
7 0.715400 0.320339 0.017161 0.016780
1 0.523702 0.354661 0.010297 0.013729
1 0.516409 0.357712 0.009439 0.013729
1 0.510402 0.361525 0.009439 0.015254
1 0.501822 0.368390 0.009439 0.010678
1 0.496244 0.376017 0.012013 0.016780
1 0.449052 0.414370 0.049767 0.062542
1 0.600498 0.409031 0.045477 0.054915
1 0.558024 0.376017 0.018877 0.016780
1 0.482393 0.389528 0.020593 0.025932
1 0.390153 0.420036 0.062638 0.059492
1 0.454935 0.433002 0.054915 0.067119
1 0.541170 0.458935 0.102108 0.167797
1 0.799565 0.498051 0.229100 0.263898
1 0.165872 0.534116 0.331744 0.402712
7 0.180298 0.323935 0.030032 0.019831
6 0.682576 0.350260 0.015073 0.030624
6 0.851008 0.305388 0.024403 0.048488
