1 0.360751 0.425529 0.038236 0.067976
1 0.337809 0.426888 0.027530 0.065257
1 0.295749 0.439804 0.076473 0.104683
2 0.436660 0.364350 0.107062 0.267825
1 0.755088 0.457159 0.164417 0.262387
6 0.622393 0.159452 0.013956 0.033405
6 0.185856 0.287926 0.017534 0.031269
6 0.528591 0.245684 0.011471 0.035347
7 0.556504 0.250442 0.030589 0.020393
7 0.555193 0.222961 0.027530 0.010876
7 0.556722 0.233837 0.032119 0.010876
7 0.039766 0.312689 0.029824 0.016314
1 0.037132 0.446762 0.073414 0.258761
6 0.911513 0.092834 0.016059 0.061178
6 0.870218 0.602879 0.257713 0.440483
