1 0.292676 0.666562 0.110742 0.065625
1 0.570190 0.650156 0.011865 0.037500
1 0.549098 0.650859 0.032956 0.048282
1 0.637426 0.653671 0.040869 0.049219
1 0.508095 0.663046 0.060644 0.096094
1 0.839983 0.723046 0.316406 0.335156
6 0.773406 0.500390 0.014502 0.039844
6 0.796477 0.541406 0.034277 0.028125
6 0.719165 0.582421 0.017139 0.025781
6 0.397485 0.523828 0.006592 0.035156
6 0.618969 0.473437 0.009229 0.037500
6 0.545141 0.594140 0.003955 0.021094
6 0.470654 0.610546 0.005273 0.021094
7 0.396167 0.551953 0.019775 0.016406
7 0.704663 0.485156 0.022412 0.023437
7 0.709277 0.539062 0.021094 0.014062
7 0.626879 0.601171 0.011865 0.025781
1 0.962402 0.638281 0.068555 0.121875
1 0.598528 0.648255 0.051580 0.084057
