1 0.097472 0.376754 0.046636 0.087601
1 0.171825 0.411951 0.121430 0.173638
1 0.259818 0.365022 0.043996 0.064137
1 0.302494 0.384576 0.058955 0.081344
1 0.365849 0.401783 0.090632 0.087601
1 0.434827 0.427595 0.119478 0.123581
6 0.675582 0.329825 0.021998 0.040672
6 0.692301 0.332172 0.020238 0.039108
6 0.913162 0.360329 0.009679 0.029722
6 0.930760 0.371279 0.014959 0.026593
1 0.940000 0.498771 0.117910 0.203360
1 0.725738 0.565254 0.444362 0.383256
7 0.451565 0.309724 0.017446 0.072427
7 0.723960 0.229922 0.021094 0.096094
