1 0.064939 0.720163 0.127538 0.390023
1 0.167027 0.617717 0.304803 0.345300
1 0.470953 0.646319 0.222313 0.329700
1 0.957489 0.755525 0.080735 0.365062
1 0.560835 0.542312 0.087755 0.138328
1 0.701536 0.592235 0.125782 0.165370
1 0.849550 0.632278 0.295442 0.282897
7 0.385538 0.302625 0.067864 0.028082
7 0.238987 0.314586 0.028667 0.016641
7 0.264143 0.354629 0.016966 0.023921
7 0.431463 0.462795 0.015796 0.011441
7 0.566606 0.376470 0.007605 0.021841
6 0.457790 0.312506 0.012286 0.052003
6 0.527116 0.361909 0.009361 0.042643
6 0.534722 0.455514 0.009361 0.015601
6 0.445796 0.314066 0.008190 0.044723
6 0.469198 0.315106 0.010531 0.044723
6 0.519511 0.363989 0.005850 0.036402
6 0.537939 0.361389 0.006435 0.037442
6 0.233136 0.435233 0.028667 0.024961
6 0.619552 0.473716 0.008190 0.018721
6 0.458375 0.464355 0.007605 0.010401
7 0.802389 0.325580 0.025156 0.035362
6 0.835151 0.433226 0.022816 0.038482
