6 0.125405 0.429546 0.015211 0.035362
7 0.174548 0.453467 0.022231 0.024961
7 0.422603 0.474268 0.026912 0.033282
6 0.547800 0.459708 0.015211 0.070724
7 0.546630 0.412905 0.015211 0.022881
6 0.627950 0.314099 0.018721 0.079045
7 0.624440 0.262096 0.014041 0.016641
1 0.608644 0.586595 0.047973 0.074884
1 0.641991 0.588675 0.025742 0.045763
1 0.673583 0.607396 0.051483 0.066564
1 0.749637 0.621957 0.095946 0.087365
1 0.844413 0.651079 0.285497 0.187211
1 0.897066 0.807088 0.203592 0.382743
6 0.766018 0.507550 0.011701 0.024961
6 0.780644 0.507550 0.012871 0.029122
