7 0.491529 0.551624 0.012618 0.008157
7 0.467440 0.551624 0.012618 0.008157
7 0.466293 0.560801 0.028677 0.018353
7 0.492103 0.564879 0.022942 0.022432
7 0.467440 0.572017 0.028677 0.012236
7 0.568384 0.590370 0.040148 0.053021
3 0.260390 0.581193 0.078002 0.091767
1 0.360187 0.614026 0.009177 0.010196
1 0.344128 0.616065 0.016059 0.014275
1 0.318892 0.613006 0.025236 0.020393
1 0.400335 0.613006 0.013765 0.016314
1 0.485793 0.607908 0.019501 0.014275
1 0.469734 0.611986 0.017206 0.022432
1 0.457116 0.622183 0.017206 0.018353
1 0.379687 0.619124 0.020648 0.028550
1 0.411233 0.621163 0.017206 0.020393
1 0.437616 0.619124 0.021795 0.028550
1 0.197873 0.606888 0.053913 0.040785
