6 0.235843 0.403337 0.014813 0.024949
6 0.826424 0.446304 0.014034 0.022177
6 0.514956 0.440067 0.011695 0.015246
6 0.428025 0.454620 0.014034 0.013860
7 0.583175 0.480955 0.014034 0.027721
7 0.535227 0.440760 0.021050 0.016632
7 0.545362 0.475410 0.011695 0.013860
1 0.477541 0.510523 0.011695 0.019405
1 0.447135 0.501514 0.017932 0.029107
1 0.418288 0.508444 0.027288 0.048511
1 0.388661 0.498049 0.025728 0.044353
1 0.554726 0.520919 0.035084 0.040195
1 0.582013 0.528542 0.025728 0.041581
1 0.605013 0.529928 0.031186 0.052669
1 0.640097 0.531314 0.037423 0.049897
1 0.684927 0.540323 0.056914 0.048511
1 0.748338 0.543788 0.078744 0.074846
1 0.840726 0.565965 0.115388 0.091478
1 0.187253 0.510523 0.111489 0.133059
1 0.298742 0.547946 0.176980 0.277207
1 0.071602 0.519533 0.143203 0.228696
1 0.948707 0.591607 0.100574 0.115041
