6 0.422715 0.367265 0.009229 0.053906
6 0.578941 0.461015 0.007910 0.030469
6 0.133335 0.499687 0.015820 0.028125
6 0.412168 0.368437 0.011865 0.042187
6 0.571690 0.461015 0.006592 0.030469
6 0.431284 0.371953 0.007910 0.049219
7 0.152452 0.405937 0.009229 0.023437
7 0.158384 0.425859 0.036914 0.021094
6 0.248692 0.424687 0.017139 0.051562
7 0.329771 0.546562 0.013184 0.028125
7 0.714072 0.536015 0.014502 0.049219
7 0.760215 0.477422 0.025049 0.025781
7 0.565757 0.560625 0.010547 0.023437
7 0.393711 0.543046 0.009229 0.025781
1 0.358116 0.577031 0.017139 0.028125
1 0.350205 0.589921 0.030322 0.039844
1 0.337681 0.600468 0.026367 0.046875
1 0.320542 0.603984 0.021094 0.053906
1 0.544663 0.598125 0.018457 0.037500
1 0.528184 0.602812 0.019775 0.075000
1 0.591465 0.633281 0.064600 0.079687
1 0.439195 0.721171 0.226758 0.339844
1 0.822837 0.719999 0.353320 0.459375
