6 0.472813 0.345000 0.009229 0.032812
6 0.530821 0.362578 0.011865 0.039844
6 0.627061 0.427031 0.009229 0.037500
6 0.739780 0.369609 0.010547 0.039844
6 0.731211 0.375468 0.011865 0.037500
6 0.701548 0.432890 0.015820 0.021094
6 0.581577 0.455156 0.013184 0.018750
6 0.179478 0.279375 0.015820 0.051562
6 0.288243 0.286406 0.011865 0.056250
6 0.052916 0.428203 0.015820 0.035156
7 0.417442 0.396562 0.014502 0.037500
1 0.376573 0.539531 0.038232 0.107812
1 0.398326 0.502031 0.021094 0.028125
1 0.561802 0.510177 0.021094 0.030355
1 0.590147 0.510234 0.022412 0.025781
1 0.605308 0.507890 0.013184 0.025781
1 0.642881 0.532500 0.067236 0.089062
1 0.440513 0.505547 0.010547 0.025781
1 0.075987 0.537187 0.085693 0.126562
1 0.155748 0.546562 0.158203 0.173437
1 0.298130 0.552421 0.137109 0.171094
1 0.484678 0.533672 0.069873 0.105469
1 0.420078 0.506718 0.035596 0.046875
1 0.538731 0.504375 0.027686 0.032812
1 0.803062 0.572343 0.319043 0.351562
3 0.956650 0.475078 0.085693 0.260156
1 0.017229 0.567656 0.034459 0.187500
7 0.124376 0.410189 0.014396 0.017062
