6 0.315269 0.295781 0.013184 0.032812
1 0.628379 0.387187 0.022412 0.037500
1 0.643540 0.391875 0.026367 0.032812
1 0.661338 0.386015 0.022412 0.030469
1 0.675840 0.387187 0.025049 0.051562
1 0.695615 0.394218 0.027686 0.037500
1 0.712095 0.400078 0.031641 0.039844
1 0.739121 0.401250 0.040869 0.051562
1 0.769443 0.403593 0.046143 0.070312
1 0.822178 0.412968 0.080420 0.103125
1 0.569712 0.396562 0.047461 0.065625
1 0.904575 0.428036 0.142383 0.138614
7 0.230542 0.306740 0.084808 0.097048
7 0.203247 0.315404 0.026320 0.013864
