1 0.343432 0.558984 0.017139 0.035156
1 0.356616 0.560156 0.017139 0.032812
1 0.461425 0.548437 0.023730 0.042187
1 0.440991 0.554296 0.025049 0.039844
1 0.313769 0.554296 0.036914 0.063281
1 0.825292 0.661718 0.348047 0.389062
1 0.555029 0.551250 0.079102 0.178125
1 0.100854 0.509062 0.201709 0.426562
1 0.293994 0.567578 0.052734 0.067969
1 0.928965 0.785624 0.141064 0.328125
7 0.263672 0.513281 0.010547 0.056250
7 0.460898 0.524765 0.013184 0.021094
7 0.510337 0.523593 0.009229 0.018750
7 0.509677 0.506015 0.007910 0.021094
1 0.384565 0.550546 0.035596 0.049219
6 0.395639 0.486328 0.011865 0.025781
7 0.604132 0.522000 0.014890 0.042353
