6 0.290597 0.355174 0.013765 0.042825
6 0.494779 0.193051 0.016059 0.053021
6 0.350819 0.438784 0.010324 0.022432
6 0.413909 0.443882 0.008030 0.024471
6 0.475278 0.179796 0.016059 0.063218
7 0.564752 0.227039 0.084885 0.044864
7 0.290023 0.400378 0.021795 0.040785
7 0.239551 0.426548 0.024089 0.014275
1 0.014721 0.503701 0.028677 0.084290
1 0.064620 0.505400 0.068826 0.075453
1 0.119106 0.500302 0.058502 0.085650
1 0.187932 0.513557 0.086032 0.099924
1 0.253890 0.507440 0.059649 0.063218
1 0.858361 0.738985 0.282092 0.399522
6 0.584252 0.508459 0.087179 0.114199
6 0.399570 0.463255 0.006883 0.018353
1 0.372914 0.503105 0.049160 0.083099
1 0.421939 0.499962 0.026383 0.046903
1 0.452337 0.509479 0.048178 0.079532
1 0.514853 0.545166 0.118150 0.134592
7 0.322211 0.459698 0.011783 0.016293
7 0.277695 0.453879 0.009165 0.018621
