1 0.286662 0.569760 0.026675 0.032990
1 0.382345 0.558419 0.016237 0.035052
1 0.369008 0.561512 0.022036 0.032990
1 0.337693 0.546048 0.024356 0.030928
1 0.316237 0.564605 0.039433 0.051546
1 0.253415 0.569072 0.052191 0.045361
1 0.346778 0.588660 0.048711 0.076289
1 0.427191 0.601031 0.099742 0.162887
7 0.418106 0.493127 0.026675 0.030928
7 0.638660 0.445017 0.037113 0.063918
7 0.640400 0.502749 0.022036 0.043299
7 0.539498 0.494502 0.019716 0.059794
6 0.091044 0.523711 0.019716 0.024742
6 0.181508 0.536083 0.012758 0.020619
6 0.198905 0.449485 0.012758 0.028866
6 0.236598 0.474227 0.006959 0.024742
6 0.142075 0.517182 0.017397 0.035052
6 0.271972 0.407904 0.015077 0.039175
6 0.504974 0.529691 0.013918 0.018557
