1 0.682738 0.719157 0.022467 0.022633
1 0.658774 0.723151 0.019471 0.017308
1 0.616087 0.725814 0.017973 0.022633
1 0.724052 0.737796 0.051673 0.062574
1 0.873830 0.750444 0.084625 0.085207
1 0.581638 0.769527 0.059911 0.085207
1 0.792076 0.758210 0.095858 0.102515
1 0.640052 0.735577 0.026960 0.035947
6 0.486030 0.527885 0.017973 0.034615
6 0.620456 0.658691 0.011233 0.013314
6 0.714816 0.660688 0.011982 0.011982
6 0.474422 0.669453 0.021718 0.038609
6 0.630316 0.685429 0.008987 0.014645
6 0.620581 0.700740 0.008987 0.010651
7 0.457198 0.598713 0.054669 0.030621
7 0.602258 0.664083 0.016476 0.010651
7 0.610495 0.693373 0.011982 0.007988
