7 0.418718 0.341221 0.083711 0.044646
7 0.358924 0.383740 0.014350 0.027638
7 0.503624 0.379488 0.019134 0.031890
6 0.642943 0.107362 0.008371 0.027638
6 0.659087 0.103110 0.011959 0.027638
7 0.312884 0.295512 0.034680 0.034016
7 0.313481 0.351850 0.038268 0.070157
7 0.084473 0.321024 0.020330 0.025512
7 0.084473 0.359291 0.015546 0.038268
7 0.060556 0.361417 0.017938 0.038268
1 0.169380 0.418819 0.142308 0.191339
1 0.764323 0.437953 0.160246 0.153071
1 0.852219 0.414567 0.022721 0.110551
3 0.928157 0.347599 0.138721 0.508110
7 0.700942 0.350787 0.019134 0.021260
7 0.724262 0.355039 0.020330 0.021260
