7 0.461215 0.184091 0.017551 0.031202
7 0.430208 0.229854 0.088925 0.068644
7 0.429623 0.281857 0.076055 0.022881
7 0.457705 0.308899 0.019891 0.027042
7 0.400956 0.380663 0.016381 0.029122
7 0.457120 0.375463 0.014041 0.027042
7 0.286289 0.354661 0.007020 0.039522
7 0.286289 0.382743 0.011701 0.012481
7 0.286289 0.396264 0.011701 0.014561
7 0.328412 0.250655 0.016381 0.039522
7 0.370534 0.294338 0.011701 0.027042
7 0.254112 0.395224 0.008190 0.016641
7 0.191514 0.371302 0.009361 0.018721
7 0.205555 0.370262 0.014041 0.016641
1 0.771283 0.406664 0.047973 0.035362
1 0.722140 0.398344 0.047973 0.052003
1 0.643746 0.405624 0.040952 0.054083
1 0.599283 0.416025 0.059674 0.066564
1 0.218425 0.407704 0.021061 0.024961
1 0.099663 0.398344 0.085415 0.089445
1 0.241827 0.408745 0.025742 0.031202
1 0.520303 0.436826 0.105306 0.162250
7 0.829202 0.366102 0.009361 0.024961
6 0.553065 0.205932 0.009361 0.045763
6 0.367024 0.238174 0.014041 0.060324
