6 0.411270 0.202749 0.021055 0.083595
6 0.478996 0.504066 0.009124 0.012477
6 0.499349 0.498452 0.007720 0.013725
6 0.457941 0.525901 0.006316 0.008734
7 0.469521 0.529644 0.005615 0.006238
7 0.409164 0.142860 0.016844 0.031192
7 0.368107 0.221465 0.049830 0.031192
7 0.549178 0.490966 0.013335 0.021211
7 0.321015 0.489718 0.021055 0.036183
7 0.321717 0.523406 0.021055 0.031192
7 0.580690 0.461021 0.014037 0.033688
7 0.663155 0.367444 0.025968 0.061137
7 0.260939 0.543493 0.030880 0.049908
1 0.189493 0.586414 0.051935 0.049908
1 0.147032 0.598267 0.080710 0.053651
1 0.482786 0.543369 0.010527 0.013725
6 0.332665 0.434820 0.009826 0.036183
6 0.657610 0.428581 0.016844 0.041174
6 0.304943 0.436067 0.010527 0.051155
1 0.092027 0.606377 0.031582 0.039926
