1 0.146310 0.470870 0.233549 0.186961
1 0.426295 0.473298 0.107897 0.172392
1 0.562191 0.464800 0.062826 0.097122
1 0.355957 0.451446 0.049168 0.075270
1 0.476146 0.461158 0.013658 0.050989
1 0.493901 0.452660 0.016389 0.033993
1 0.529412 0.459944 0.013658 0.043705
1 0.521900 0.457516 0.015024 0.024281
7 0.613407 0.353109 0.020487 0.038849
7 0.622285 0.303334 0.013658 0.021853
7 0.614773 0.277839 0.009560 0.024281
7 0.604530 0.305762 0.013658 0.016996
7 0.526851 0.410342 0.015024 0.009712
6 0.510974 0.409301 0.006829 0.019424
