1 0.429898 0.661058 0.012433 0.017003
1 0.446157 0.667859 0.012433 0.017003
1 0.437071 0.673810 0.017215 0.028904
1 0.423204 0.673810 0.012433 0.025504
1 0.394034 0.651707 0.011477 0.011902
1 0.406945 0.678911 0.033474 0.049307
1 0.384470 0.664459 0.013389 0.017003
1 0.362473 0.667009 0.009564 0.015302
1 0.371080 0.667859 0.015302 0.020403
1 0.378731 0.677211 0.021041 0.032305
1 0.464807 0.719717 0.063122 0.096914
1 0.350518 0.665309 0.008608 0.015302
1 0.343823 0.665309 0.010520 0.015302
1 0.334259 0.665309 0.010520 0.018703
1 0.326608 0.669560 0.014346 0.023804
1 0.312262 0.665309 0.014346 0.015302
1 0.312262 0.674660 0.018171 0.020403
1 0.292656 0.663609 0.011477 0.015302
1 0.294091 0.679761 0.018171 0.023804
1 0.198930 0.758313 0.200842 0.232935
1 0.028214 0.690303 0.056427 0.049307
7 0.418831 0.618163 0.033474 0.027204
7 0.385836 0.604561 0.013389 0.010202
7 0.380098 0.614763 0.024866 0.020403
7 0.490310 0.640712 0.011477 0.025504
