1 0.455415 0.407618 0.016828 0.031787
1 0.488020 0.422576 0.073624 0.117798
2 0.415974 0.386115 0.072572 0.153324
1 0.351816 0.430056 0.108332 0.136496
1 0.182481 0.485215 0.268200 0.243075
1 0.023665 0.444079 0.047329 0.074792
1 0.756220 0.506718 0.323944 0.289820
6 0.325713 0.061411 0.019984 0.078532
6 0.581818 0.166121 0.018932 0.029917
6 0.348852 0.062346 0.019984 0.072922
6 0.245779 0.210996 0.015776 0.029917
6 0.803215 0.319445 0.019984 0.026177
6 0.777447 0.321315 0.014725 0.029917
6 0.511350 0.349362 0.014725 0.022438
6 0.475590 0.352166 0.012621 0.016828
