6 0.535235 0.225924 0.010135 0.019405
7 0.644255 0.239784 0.024949 0.019405
7 0.623984 0.226617 0.012474 0.018018
7 0.567850 0.239091 0.006237 0.023563
1 0.511642 0.265426 0.012474 0.016632
1 0.503066 0.269584 0.010915 0.016632
1 0.494880 0.274435 0.010135 0.018018
1 0.540489 0.263347 0.018711 0.018018
1 0.458237 0.286217 0.017932 0.033265
1 0.396255 0.277207 0.037423 0.034651
1 0.405611 0.309086 0.028067 0.054055
1 0.186530 0.316709 0.060812 0.105339
1 0.438862 0.291761 0.035084 0.051283
1 0.482133 0.276514 0.017152 0.023563
1 0.539827 0.294533 0.035864 0.051283
1 0.367915 0.308393 0.061592 0.084548
1 0.336729 0.273049 0.016373 0.027721
