7 0.097908 0.296418 0.028082 0.014561
7 0.924563 0.058243 0.059674 0.033282
7 0.895896 0.157049 0.067864 0.047843
7 0.836222 0.282897 0.025742 0.016641
6 0.182153 0.100886 0.014041 0.064484
6 0.481691 0.018721 0.016381 0.037442
6 0.085037 0.331780 0.016381 0.027042
6 0.926318 0.225694 0.051483 0.076965
6 0.203214 0.105046 0.014041 0.060324
6 0.211405 0.117527 0.016381 0.072804
6 0.504507 0.022881 0.017551 0.045763
6 0.959080 0.221533 0.009361 0.047843
6 0.810481 0.321379 0.021061 0.027042
1 0.474671 0.423305 0.058504 0.093606
1 0.317881 0.430586 0.154449 0.245455
1 0.115459 0.449307 0.166150 0.141448
1 0.206140 0.418105 0.057333 0.079045
1 0.400956 0.408745 0.030422 0.043683
1 0.424943 0.399384 0.017551 0.029122
6 0.422017 0.324499 0.007020 0.024961
6 0.492222 0.325540 0.007020 0.022881
6 0.119554 0.210439 0.010531 0.052003
