1 0.478112 0.413792 0.026690 0.029082
1 0.416983 0.426802 0.038744 0.048980
1 0.375226 0.441969 0.034439 0.048980
1 0.323999 0.451918 0.062851 0.059694
1 0.198727 0.471050 0.098151 0.125510
1 0.261148 0.452683 0.035300 0.085714
1 0.122532 0.483295 0.092124 0.094898
1 0.041170 0.493244 0.080931 0.142347
1 0.571684 0.405868 0.020663 0.047449
1 0.586320 0.410459 0.025829 0.056633
1 0.723645 0.379082 0.059407 0.048980
1 0.768846 0.382908 0.036161 0.035204
1 0.806729 0.374490 0.039605 0.039796
1 0.922960 0.363776 0.055102 0.061225
1 0.963425 0.359949 0.036161 0.059694
1 0.978062 0.359949 0.041327 0.059694
1 0.531355 0.441064 0.076900 0.117857
1 0.628351 0.411217 0.072321 0.101020
