1 0.752226 0.471304 0.027751 0.029153
1 0.731413 0.470182 0.016398 0.022425
1 0.703662 0.471304 0.029013 0.038123
1 0.774091 0.469996 0.013455 0.031022
1 0.611578 0.493729 0.051718 0.051578
1 0.662455 0.481208 0.060128 0.058679
1 0.441287 0.511669 0.112266 0.100914
1 0.558809 0.487749 0.108482 0.080731
2 0.566167 0.447010 0.049195 0.044850
2 0.494266 0.431312 0.087038 0.076246
1 0.223692 0.501578 0.300218 0.233222
1 0.925041 0.475041 0.030274 0.024668
1 0.968560 0.528114 0.056764 0.036628
1 0.970452 0.519518 0.055502 0.103156
