6 0.058848 0.359062 0.011865 0.023437
6 0.149156 0.386015 0.010547 0.030469
6 0.269126 0.343828 0.007910 0.025781
6 0.415464 0.337969 0.007910 0.028125
6 0.410191 0.339140 0.007910 0.025781
6 0.551255 0.410625 0.018457 0.023437
6 0.515000 0.345000 0.009229 0.032812
7 0.540708 0.378984 0.018457 0.016406
7 0.561802 0.382500 0.010547 0.028125
7 0.832065 0.352031 0.023730 0.056250
7 0.856455 0.457500 0.006592 0.018750
6 0.478086 0.423515 0.011865 0.021094
1 0.263013 0.448828 0.017139 0.037500
1 0.250488 0.455859 0.026367 0.046875
1 0.293335 0.489843 0.054053 0.142969
1 0.127881 0.488672 0.068555 0.084375
1 0.079102 0.501562 0.089648 0.114844
1 0.473950 0.481640 0.014502 0.065625
1 0.597216 0.483649 0.021094 0.030469
1 0.590625 0.464899 0.013184 0.021094
1 0.537231 0.494196 0.101514 0.140625
1 0.225621 0.466875 0.058008 0.079687
1 0.382505 0.523125 0.179297 0.300000
1 0.694297 0.554765 0.293994 0.311719
1 0.040960 0.524297 0.081919 0.157031
1 0.942808 0.580546 0.113379 0.217969
1 0.789878 0.517265 0.118652 0.133594
