6 0.437935 0.195264 0.008789 0.048437
6 0.522310 0.192139 0.008789 0.042187
6 0.741158 0.253857 0.022852 0.034375
7 0.813228 0.187451 0.028125 0.042187
7 0.715669 0.303076 0.017578 0.029687
7 0.105708 0.182764 0.042187 0.029687
7 0.081978 0.147607 0.029883 0.021875
6 0.267867 0.315576 0.014941 0.026562
1 0.543843 0.369482 0.048340 0.106250
6 0.741158 0.313232 0.012305 0.015625
1 0.714351 0.424951 0.195996 0.220312
1 0.272261 0.375732 0.064160 0.037500
1 0.084495 0.415576 0.168990 0.135937
1 0.874312 0.474170 0.248730 0.500000
1 0.010667 0.449170 0.021333 0.081250
1 0.439693 0.464014 0.221484 0.304687
6 0.123801 0.274679 0.017547 0.029461
6 0.257349 0.094448 0.011698 0.057189
6 0.377251 0.097048 0.011698 0.062388
