6 0.258811 0.155103 0.014622 0.057189
6 0.539069 0.219223 0.009748 0.036393
6 0.403083 0.331868 0.008773 0.015597
6 0.438664 0.353530 0.007798 0.017330
6 0.245164 0.158569 0.010723 0.060655
6 0.527858 0.226155 0.010723 0.046791
6 0.655071 0.343999 0.011698 0.022529
7 0.654583 0.294609 0.014622 0.013864
7 0.645323 0.305873 0.015597 0.012131
7 0.646298 0.244352 0.009748 0.034660
7 0.148658 0.301541 0.018521 0.010398
7 0.151095 0.336200 0.015597 0.027728
7 0.270997 0.329268 0.007798 0.013864
7 0.822250 0.337067 0.012673 0.036393
6 0.423067 0.356130 0.007798 0.012131
6 0.136961 0.331001 0.008773 0.020796
7 0.391385 0.356996 0.006824 0.017330
6 0.581473 0.289410 0.006824 0.024262
6 0.586834 0.292876 0.007798 0.024262
1 0.430378 0.376926 0.022421 0.012131
1 0.428915 0.401188 0.035093 0.043325
1 0.294879 0.396855 0.045816 0.058922
1 0.727694 0.447978 0.166692 0.233954
3 0.352393 0.369127 0.078959 0.117843
1 0.540044 0.458376 0.243702 0.448845
1 0.880251 0.567555 0.235903 0.438447
1 0.179852 0.359596 0.039967 0.029461
