6 0.597701 0.289980 0.016389 0.024281
6 0.452245 0.263271 0.017755 0.029137
6 0.436539 0.240204 0.016389 0.026709
6 0.339568 0.276625 0.019121 0.036421
6 0.336836 0.389530 0.013658 0.029137
6 0.708500 0.349554 0.017755 0.031738
1 0.911575 0.384761 0.171577 0.480582
6 0.265508 0.230666 0.016389 0.019424
7 0.273703 0.329002 0.043705 0.065558
7 0.233412 0.271943 0.028681 0.029137
7 0.352236 0.388490 0.015024 0.024281
1 0.511349 0.398202 0.032779 0.048561
1 0.352236 0.643436 0.378322 0.480756
7 0.920880 0.088624 0.032779 0.014568
7 0.933172 0.105621 0.035510 0.024281
6 0.162016 0.264485 0.024584 0.036421
6 0.182503 0.262057 0.016389 0.031565
7 0.350548 0.349281 0.018711 0.013860
7 0.721172 0.299384 0.020271 0.009702
