6 0.538130 0.363232 0.036914 0.025000
6 0.123726 0.445264 0.009668 0.051562
6 0.270064 0.492920 0.007031 0.028125
6 0.682710 0.514795 0.006152 0.034375
6 0.769722 0.442139 0.009668 0.045312
6 0.616792 0.521045 0.007910 0.028125
6 0.396626 0.546045 0.007031 0.043750
6 0.553511 0.522607 0.009668 0.034375
6 0.111421 0.442139 0.013184 0.048437
6 0.263033 0.492139 0.005273 0.023437
6 0.692818 0.517139 0.008789 0.032812
6 0.787740 0.518701 0.005273 0.023437
7 0.812349 0.502295 0.010547 0.043750
6 0.858052 0.481201 0.012305 0.042187
7 0.497261 0.421045 0.050098 0.031250
7 0.491548 0.444482 0.022852 0.009375
7 0.492427 0.471826 0.049219 0.039062
7 0.746431 0.508545 0.043945 0.009375
6 0.764449 0.531201 0.004395 0.017187
6 0.788619 0.519482 0.010547 0.028125
7 0.730171 0.541357 0.013184 0.009375
1 0.366724 0.626562 0.019336 0.029687
1 0.456372 0.600000 0.028125 0.023437
1 0.503833 0.606250 0.019336 0.020312
1 0.484936 0.624219 0.025488 0.034375
1 0.469556 0.638281 0.022852 0.043750
1 0.433520 0.607031 0.042187 0.015625
1 0.446704 0.654687 0.035156 0.079687
1 0.410669 0.666406 0.082617 0.106250
1 0.293335 0.664844 0.171387 0.209375
1 0.522729 0.615625 0.025488 0.035937
1 0.601831 0.635937 0.039551 0.057812
1 0.549097 0.601562 0.010547 0.020312
1 0.561401 0.605469 0.014062 0.021875
1 0.577661 0.601562 0.016699 0.020312
1 0.626880 0.628125 0.020215 0.051562
1 0.621606 0.592187 0.011426 0.010937
1 0.647974 0.558594 0.009668 0.018750
1 0.657642 0.568750 0.007910 0.010937
1 0.772339 0.626562 0.028125 0.045312
1 0.808813 0.628125 0.032520 0.042187
1 0.789917 0.621875 0.014062 0.026562
1 0.665552 0.658594 0.064160 0.131250
3 0.579439 0.592139 0.022852 0.035937
7 0.843990 0.599170 0.015820 0.028125
1 0.127242 0.699951 0.254004 0.498437
1 0.713911 0.709326 0.145898 0.185937
7 0.867092 0.521631 0.022421 0.017330
6 0.263198 0.492170 0.003899 0.031194
6 0.622902 0.519031 0.005849 0.029461
