6 0.587510 0.411797 0.009229 0.030469
6 0.383164 0.421172 0.011865 0.035156
6 0.439854 0.480937 0.009229 0.018750
6 0.665293 0.500859 0.011865 0.021094
6 0.598057 0.412968 0.009229 0.032812
7 0.654746 0.418828 0.017139 0.016406
7 0.656065 0.466875 0.019775 0.014062
7 0.714072 0.453984 0.019775 0.021094
7 0.384483 0.455156 0.017139 0.018750
7 0.583555 0.478593 0.011865 0.028125
7 0.191343 0.420000 0.023730 0.023437
1 0.434580 0.547734 0.022412 0.039844
1 0.381187 0.562968 0.087012 0.150000
1 0.605308 0.492656 0.021094 0.028125
1 0.655405 0.559453 0.068555 0.161719
1 0.700230 0.560625 0.039551 0.079687
1 0.738462 0.581718 0.092285 0.103125
1 0.849204 0.593437 0.184570 0.145312
1 0.225621 0.609843 0.263672 0.290625
1 0.549278 0.683671 0.291357 0.386718
1 0.963242 0.646171 0.072510 0.138281
1 0.010728 0.789140 0.021094 0.236719
