6 0.487704 0.348041 0.020250 0.043500
6 0.377595 0.279791 0.021094 0.063000
6 0.453110 0.468791 0.010125 0.018000
6 0.491501 0.480041 0.009281 0.022500
6 0.466188 0.488291 0.007594 0.015000
6 0.393204 0.281291 0.010125 0.048000
6 0.737032 0.424541 0.014344 0.037500
1 0.743360 0.615041 0.141750 0.202500
1 0.515548 0.528516 0.010969 0.025500
1 0.523142 0.531516 0.014344 0.031500
1 0.534532 0.533016 0.011812 0.028500
1 0.422736 0.530016 0.009281 0.040500
1 0.414298 0.527766 0.007594 0.036000
1 0.407548 0.533766 0.012656 0.045000
1 0.402486 0.545016 0.027844 0.064500
1 0.369579 0.566766 0.078469 0.084000
1 0.437923 0.529266 0.019406 0.021000
1 0.480532 0.529266 0.025312 0.030000
1 0.555204 0.536766 0.039656 0.048000
1 0.899174 0.723000 0.195750 0.315000
7 0.615084 0.445165 0.020886 0.011814
7 0.097205 0.381030 0.044620 0.025316
