1 0.832973 0.583152 0.032169 0.036393
1 0.794468 0.581419 0.013647 0.039859
1 0.767174 0.577086 0.052640 0.038126
1 0.719896 0.581419 0.065312 0.043325
1 0.679928 0.578819 0.038018 0.041592
1 0.666281 0.584885 0.038018 0.029461
1 0.632163 0.578819 0.051665 0.041592
1 0.590734 0.577953 0.046791 0.039859
1 0.558565 0.577953 0.023395 0.029461
1 0.528833 0.573620 0.039967 0.038126
1 0.478143 0.577953 0.045816 0.025995
1 0.424529 0.575353 0.041917 0.031194
1 0.384074 0.577086 0.038992 0.027728
1 0.309014 0.563222 0.066287 0.038126
1 0.254912 0.567555 0.041917 0.032927
1 0.144272 0.577086 0.040942 0.034660
1 0.050203 0.576220 0.071161 0.060655
1 0.023883 0.579686 0.047766 0.050257
1 0.198861 0.576220 0.042892 0.032927
6 0.895459 0.548046 0.005029 0.016093
6 0.879869 0.547152 0.004023 0.014305
