7 0.082641 0.035913 0.071622 0.053869
7 0.258940 0.106923 0.130388 0.052237
7 0.067031 0.136306 0.033056 0.052237
7 0.049125 0.175484 0.054175 0.029383
7 0.057848 0.227721 0.040402 0.075091
7 0.080345 0.376270 0.037647 0.062031
7 0.768098 0.297914 0.064276 0.022854
7 0.811255 0.353416 0.016528 0.016324
7 0.844770 0.352600 0.032138 0.021221
7 0.824569 0.373005 0.026629 0.013059
7 0.818601 0.390961 0.011019 0.016324
7 0.401725 0.326481 0.011937 0.024486
7 0.425599 0.373821 0.008264 0.021221
7 0.437536 0.374637 0.011937 0.019589
7 0.581698 0.386880 0.044993 0.021221
6 0.412285 0.146100 0.018365 0.088150
6 0.540837 0.412183 0.007346 0.013059
6 0.481152 0.403204 0.012855 0.014692
6 0.466460 0.430139 0.005509 0.013059
6 0.520176 0.433404 0.008264 0.013059
7 0.561038 0.421161 0.017446 0.008162
6 0.652221 0.266898 0.024430 0.071826
7 0.379688 0.399123 0.017446 0.032648
7 0.380606 0.426058 0.013773 0.021221
6 0.334235 0.406469 0.005509 0.014692
6 0.325971 0.371372 0.007346 0.032648
6 0.036729 0.311790 0.042239 0.070193
6 0.813551 0.416264 0.010101 0.021221
6 0.832833 0.415447 0.019283 0.022854
7 0.820896 0.480744 0.015610 0.040810
1 0.099002 0.743287 0.196501 0.432588
1 0.372509 0.462662 0.037647 0.031016
1 0.447636 0.470949 0.010101 0.013059
1 0.457278 0.472582 0.011019 0.013059
1 0.474724 0.468501 0.013773 0.021221
6 0.346937 0.407013 0.015610 0.019589
6 0.321839 0.405381 0.010101 0.016324
