1 0.602717 0.552667 0.045875 0.067673
1 0.477781 0.570019 0.100534 0.168316
1 0.407505 0.545726 0.032210 0.067673
1 0.254752 0.635090 0.361142 0.333162
1 0.077109 0.632901 0.152265 0.301021
1 0.555378 0.549196 0.048803 0.039910
1 0.867975 0.537050 0.264051 0.463303
6 0.519752 0.502345 0.004880 0.019087
6 0.391400 0.468509 0.005856 0.027763
6 0.517312 0.454627 0.007808 0.020823
7 0.613942 0.465038 0.015617 0.010411
7 0.591980 0.467641 0.010737 0.012147
7 0.622238 0.453759 0.016593 0.012147
6 0.620286 0.493669 0.014641 0.019087
