1 0.433921 0.417656 0.018457 0.037500
1 0.412827 0.418828 0.029004 0.053906
1 0.389097 0.418828 0.034277 0.058594
1 0.533457 0.421172 0.032959 0.030469
1 0.556529 0.422343 0.031641 0.042187
1 0.595420 0.414140 0.077783 0.063281
1 0.629038 0.421172 0.076465 0.067969
1 0.721323 0.451640 0.176660 0.142969
1 0.465562 0.404765 0.018457 0.025781
1 0.348228 0.434062 0.089648 0.103125
1 0.174205 0.443437 0.268945 0.285937
1 0.025799 0.547734 0.051597 0.311719
1 0.893369 0.486797 0.212256 0.457031
7 0.147837 0.143437 0.031641 0.051562
6 0.474156 0.368833 0.004029 0.014324
6 0.457035 0.370623 0.008057 0.017905
