7 0.297183 0.209985 0.042881 0.026335
7 0.296793 0.257110 0.063931 0.081776
7 0.469095 0.264040 0.021830 0.059600
7 0.476891 0.305621 0.014034 0.015246
7 0.468315 0.331263 0.020271 0.019405
7 0.454671 0.345816 0.013254 0.026335
7 0.453502 0.368686 0.012474 0.019405
7 0.434141 0.392941 0.011695 0.018018
7 0.423616 0.396406 0.010915 0.016632
7 0.414650 0.397792 0.008576 0.019405
7 0.401006 0.397099 0.007796 0.018018
7 0.400616 0.377002 0.007017 0.011088
7 0.361244 0.380467 0.020271 0.020791
1 0.340063 0.410267 0.010135 0.022177
1 0.353707 0.412346 0.018711 0.023563
1 0.364233 0.413732 0.011695 0.023563
1 0.374758 0.414425 0.014034 0.024949
1 0.327199 0.411653 0.018711 0.019405
1 0.299132 0.410267 0.031186 0.038809
1 0.278861 0.413552 0.009356 0.028746
1 0.255150 0.417890 0.030541 0.026335
1 0.159576 0.418583 0.035864 0.060986
1 0.120983 0.421355 0.056914 0.066530
1 0.082001 0.418583 0.033525 0.055441
1 0.008450 0.417890 0.016900 0.059600
1 0.414520 0.448383 0.049897 0.070688
