7 0.159179 0.327096 0.037454 0.048274
7 0.158242 0.194760 0.022472 0.056597
7 0.223318 0.358724 0.015918 0.018311
7 0.223786 0.387855 0.016854 0.009988
7 0.471917 0.372873 0.018727 0.009988
6 0.471917 0.332090 0.011236 0.021640
6 0.386710 0.302127 0.009363 0.028298
6 0.388583 0.392848 0.009363 0.019975
6 0.343638 0.382861 0.007491 0.023305
7 0.322102 0.407830 0.011236 0.013317
1 0.283712 0.426973 0.016854 0.021640
1 0.268263 0.432799 0.023409 0.033292
1 0.247195 0.433631 0.029963 0.034957
1 0.388115 0.440290 0.017791 0.021640
1 0.409182 0.432799 0.020600 0.033292
1 0.426037 0.441954 0.013109 0.028298
1 0.436336 0.438625 0.016854 0.031628
1 0.451318 0.448613 0.029963 0.041615
1 0.534184 0.446116 0.029027 0.049938
1 0.567425 0.464427 0.065544 0.099877
1 0.648418 0.474414 0.147006 0.129840
1 0.352534 0.437793 0.017791 0.019975
1 0.886250 0.485234 0.225659 0.371208
6 0.019297 0.254765 0.011865 0.039844
6 0.007432 0.258281 0.011865 0.037500
1 0.369322 0.436406 0.013184 0.028125
