1 0.327535 0.563222 0.021446 0.038126
1 0.352393 0.550225 0.022421 0.025995
1 0.407470 0.531162 0.015597 0.029461
1 0.389436 0.533761 0.016572 0.024262
1 0.369940 0.534628 0.014622 0.022529
1 0.472294 0.538094 0.014622 0.019063
1 0.496177 0.538094 0.015597 0.019063
1 0.425504 0.546759 0.016572 0.022529
1 0.447437 0.541560 0.015597 0.015597
2 0.449874 0.534628 0.020471 0.039859
6 0.429403 0.494769 0.004874 0.019063
6 0.455235 0.488704 0.005849 0.024262
6 0.470345 0.489570 0.008773 0.015597
6 0.489841 0.483505 0.008773 0.017330
7 0.416730 0.485238 0.006824 0.020796
7 0.446949 0.483505 0.006824 0.020796
7 0.478631 0.478306 0.009748 0.020796
7 0.506413 0.478306 0.008773 0.024262
7 0.538094 0.477439 0.011698 0.019063
2 0.255590 0.557763 0.041965 0.024868
1 0.898560 0.521349 0.044963 0.040855
1 0.826120 0.533783 0.067944 0.047961
1 0.958012 0.533783 0.083931 0.076382
