1 0.324694 0.475655 0.015211 0.024961
1 0.311239 0.478429 0.016381 0.024961
1 0.236354 0.470108 0.028082 0.054083
1 0.403089 0.495070 0.015211 0.029122
1 0.104721 0.466641 0.076055 0.083205
1 0.278945 0.489661 0.072544 0.108166
1 0.357339 0.529392 0.100626 0.160170
1 0.190019 0.475309 0.058504 0.068644
1 0.061312 0.615509 0.121687 0.393144
1 0.552156 0.561010 0.111157 0.121895
6 0.404142 0.381495 0.016381 0.029122
6 0.506523 0.366934 0.019891 0.029122
6 0.160183 0.325332 0.019891 0.033282
6 0.373720 0.442859 0.011701 0.014561
7 0.437606 0.386383 0.028082 0.018721
7 0.513661 0.303178 0.025742 0.039522
6 0.482654 0.454854 0.010531 0.024961
6 0.412450 0.462134 0.008190 0.018721
6 0.415960 0.473575 0.010531 0.016641
7 0.737694 0.354323 0.034145 0.036421
