6 0.549302 0.065504 0.015440 0.056146
6 0.508948 0.147227 0.010527 0.054898
6 0.563456 0.065088 0.014738 0.058641
6 0.538190 0.066959 0.009124 0.047412
6 0.499239 0.149307 0.007018 0.049908
6 0.517837 0.148683 0.010527 0.053651
6 0.712243 0.252865 0.025968 0.042421
6 0.034163 0.198591 0.009826 0.016220
7 0.968055 0.254261 0.040706 0.023706
7 0.967002 0.295435 0.016142 0.058641
6 0.390052 0.276185 0.009826 0.021211
1 0.058120 0.322082 0.116240 0.074861
1 0.610425 0.393824 0.012633 0.016220
3 0.623760 0.387586 0.021055 0.043669
1 0.627068 0.397835 0.012633 0.029945
1 0.636192 0.402825 0.016844 0.024954
1 0.580046 0.393468 0.042110 0.078604
1 0.652334 0.404430 0.035091 0.044917
2 0.486954 0.395517 0.138260 0.224584
1 0.921321 0.412985 0.155805 0.081100
1 0.929041 0.436691 0.140365 0.088586
1 0.959448 0.456654 0.080956 0.106054
7 0.718809 0.114787 0.036495 0.022458
7 0.685964 0.199006 0.012633 0.031192
