6 0.087307 0.487846 0.018247 0.029945
6 0.080289 0.542745 0.018247 0.029945
6 0.752707 0.349977 0.016142 0.026201
6 0.762182 0.454159 0.011229 0.027449
6 0.734811 0.399884 0.015440 0.048660
7 0.116082 0.504066 0.029477 0.059889
7 0.260307 0.643184 0.024564 0.043669
7 0.626730 0.445425 0.022458 0.039926
7 0.768148 0.367444 0.038600 0.018715
7 0.754708 0.405499 0.013103 0.047412
7 0.756217 0.247666 0.016142 0.058641
7 0.712703 0.253281 0.017546 0.067375
7 0.259535 0.556594 0.028073 0.128512
1 0.282953 0.591613 0.017546 0.056146
1 0.676676 0.579552 0.150892 0.292375
1 0.447297 0.677495 0.349041 0.561460
1 0.832131 0.716174 0.334069 0.558965
6 0.449519 0.375554 0.021757 0.032440
6 0.536194 0.364949 0.018247 0.038678
