1 0.337500 0.259794 0.011598 0.020619
1 0.352577 0.257732 0.013918 0.020619
1 0.374613 0.255670 0.006959 0.016495
1 0.364175 0.265979 0.013918 0.028866
1 0.418106 0.259794 0.012758 0.024742
1 0.441302 0.259794 0.024356 0.024742
1 0.462178 0.263918 0.019716 0.032990
1 0.583956 0.249485 0.022036 0.028866
1 0.605992 0.246392 0.026675 0.035052
1 0.619330 0.241237 0.025515 0.024742
1 0.633827 0.252577 0.024356 0.030928
1 0.654704 0.248454 0.031314 0.035052
1 0.673260 0.247423 0.019716 0.041237
1 0.692397 0.246392 0.044072 0.051546
1 0.723711 0.242268 0.023196 0.035052
1 0.752126 0.245361 0.061469 0.061856
1 0.817655 0.224742 0.039433 0.028866
1 0.790980 0.249485 0.055670 0.045361
1 0.858248 0.222680 0.039433 0.028866
1 0.838879 0.253608 0.066108 0.053608
1 0.901508 0.250516 0.098582 0.088660
1 0.969356 0.254639 0.057990 0.101031
7 0.161211 0.204124 0.016237 0.045361
7 0.220361 0.220619 0.011598 0.037113
7 0.443041 0.232990 0.009278 0.016495
7 0.495812 0.222680 0.010438 0.016495
7 0.696804 0.195876 0.009278 0.020619
1 0.517268 0.253608 0.018557 0.024742
1 0.495232 0.255670 0.025515 0.024742
7 0.328008 0.146250 0.025312 0.078750
7 0.041133 0.246161 0.046406 0.078750
