6 0.451401 0.758184 0.013777 0.025995
6 0.548970 0.825810 0.008190 0.029122
6 0.594603 0.760286 0.010531 0.039522
6 0.557746 0.829276 0.007020 0.024961
6 0.585827 0.761672 0.011701 0.039522
6 0.603378 0.760632 0.009361 0.029122
7 0.467650 0.832050 0.014041 0.033282
1 0.539610 0.929122 0.092436 0.141448
1 0.855528 0.938483 0.062014 0.118567
3 0.769611 0.849166 0.119901 0.083184
1 0.403296 0.935363 0.184871 0.128968
1 0.653691 0.883360 0.271456 0.232974
1 0.922808 0.944723 0.152109 0.110247
1 0.775379 0.939523 0.063184 0.112327
