1 0.406582 0.745848 0.015820 0.020625
1 0.391816 0.743973 0.013711 0.035625
1 0.340664 0.742098 0.054844 0.088125
6 0.387070 0.675803 0.008437 0.018750
6 0.421875 0.699910 0.006328 0.018750
6 0.502558 0.679285 0.007383 0.018750
6 0.547383 0.683973 0.006328 0.020625
1 0.463008 0.729910 0.021094 0.037500
1 0.487265 0.733660 0.021094 0.033750
1 0.509414 0.732723 0.021094 0.050625
1 0.550547 0.737410 0.016875 0.022500
1 0.533672 0.746785 0.027422 0.045000
1 0.440859 0.751473 0.052734 0.088125
1 0.594316 0.756066 0.098086 0.146439
6 0.235195 0.465536 0.014766 0.060000
6 0.259980 0.464598 0.020039 0.065625
6 0.032168 0.574286 0.022148 0.037500
1 0.064336 0.786160 0.128672 0.311250
1 0.742274 0.770223 0.079102 0.073125
6 0.933699 0.656116 0.014766 0.035625
6 0.224648 0.616500 0.012656 0.037500
