6 0.446932 0.201612 0.042965 0.030197
6 0.548349 0.214046 0.047961 0.030197
6 0.593312 0.354375 0.011990 0.044408
6 0.107711 0.393454 0.013988 0.026645
7 0.162666 0.403224 0.017985 0.031974
7 0.613295 0.393454 0.015987 0.030197
6 0.483402 0.408553 0.007993 0.014211
1 0.828118 0.415658 0.007993 0.017763
1 0.880575 0.418322 0.008993 0.019539
1 0.323534 0.485822 0.065946 0.076382
1 0.167662 0.496480 0.113906 0.101250
1 0.429447 0.436974 0.015987 0.024868
1 0.496391 0.434309 0.015987 0.023092
1 0.817627 0.421875 0.010991 0.019539
