6 0.257111 0.661713 0.011959 0.019134
6 0.284616 0.661713 0.009567 0.021260
7 0.312719 0.677658 0.010763 0.023386
1 0.257111 0.694666 0.014350 0.010630
1 0.248740 0.702106 0.011959 0.017008
1 0.235586 0.706358 0.026309 0.029764
1 0.223627 0.712736 0.019134 0.034016
1 0.205091 0.721240 0.032288 0.046772
1 0.281627 0.695729 0.015546 0.017008
1 0.289400 0.703169 0.014350 0.023386
1 0.301358 0.705295 0.016742 0.031890
1 0.328265 0.712736 0.044247 0.046772
1 0.337234 0.722303 0.031093 0.053150
1 0.362348 0.730807 0.052618 0.070158
1 0.414368 0.743563 0.084907 0.116929
1 0.152473 0.732933 0.084907 0.108425
1 0.058199 0.789095 0.114803 0.172205
1 0.531762 0.771024 0.196122 0.242362
7 0.702771 0.453189 0.031093 0.040394
1 0.269269 0.693425 0.013155 0.019134
