6 0.450808 0.479015 0.014244 0.032356
6 0.445664 0.559906 0.008705 0.016882
6 0.335982 0.551514 0.008789 0.017187
6 0.401745 0.552872 0.009496 0.016882
6 0.408867 0.566940 0.006331 0.016882
6 0.195210 0.456506 0.006331 0.035170
6 0.184923 0.454396 0.011079 0.033763
6 0.200353 0.462133 0.007122 0.021102
6 0.390519 0.549120 0.008705 0.011254
6 0.392101 0.560375 0.005539 0.014068
6 0.544707 0.518874 0.013213 0.023916
6 0.552344 0.554044 0.006331 0.021102
6 0.167365 0.548417 0.015035 0.012661
6 0.074384 0.528253 0.012661 0.023916
7 0.484291 0.478077 0.031653 0.015475
1 0.425191 0.586500 0.021973 0.034034
1 0.363139 0.597608 0.022948 0.030950
1 0.391626 0.595498 0.008705 0.009848
1 0.405079 0.588464 0.008705 0.009848
1 0.333860 0.588464 0.032444 0.035170
1 0.295876 0.587057 0.029279 0.040797
1 0.257497 0.590574 0.039566 0.039390
1 0.233441 0.588745 0.049062 0.043611
1 0.568567 0.614068 0.070428 0.108324
1 0.648490 0.628136 0.103663 0.136459
1 0.794885 0.684408 0.250850 0.251817
1 0.942882 0.762562 0.108411 0.316530
1 0.519448 0.577893 0.039566 0.052052
1 0.443933 0.591056 0.023740 0.036577
