6 0.189413 0.183674 0.033578 0.101020
6 0.469315 0.525612 0.002583 0.012245
6 0.488256 0.518725 0.002583 0.013776
7 0.573406 0.495153 0.010332 0.016837
7 0.573836 0.511225 0.007749 0.012245
7 0.924682 0.377296 0.048214 0.087245
7 0.758514 0.462245 0.012054 0.027551
1 0.490753 0.552092 0.017219 0.029082
1 0.460619 0.558061 0.012054 0.015306
1 0.447704 0.557296 0.013776 0.019898
1 0.434359 0.558827 0.018080 0.022959
1 0.515290 0.556378 0.036161 0.047449
1 0.291438 0.582398 0.019802 0.027551
1 0.270775 0.574745 0.033578 0.039796
1 0.215673 0.580868 0.055963 0.064286
1 0.105899 0.609949 0.077487 0.052041
1 0.340944 0.573980 0.037883 0.032143
6 0.353660 0.071203 0.023246 0.117857
6 0.370449 0.089571 0.013776 0.127041
1 0.366287 0.567795 0.020846 0.023824
1 0.407234 0.566471 0.034246 0.021176
