1 0.393934 0.483052 0.021669 0.032966
1 0.449420 0.464507 0.024356 0.049485
1 0.416946 0.487187 0.031314 0.053608
1 0.302021 0.494404 0.063999 0.084536
1 0.023883 0.587720 0.047766 0.159829
1 0.473196 0.465243 0.018557 0.026804
3 0.542314 0.469175 0.035734 0.081385
1 0.500451 0.494404 0.042912 0.068041
6 0.355477 0.305449 0.012758 0.053608
6 0.419266 0.424006 0.010438 0.022680
6 0.675746 0.400295 0.010438 0.020619
6 0.660503 0.381738 0.008119 0.024742
6 0.223260 0.425331 0.008119 0.024742
6 0.213402 0.422975 0.011598 0.024742
6 0.336340 0.294551 0.009278 0.032990
6 0.936037 0.390280 0.019716 0.041237
6 0.940096 0.202651 0.013918 0.028866
7 0.966771 0.279971 0.064948 0.035052
7 0.942995 0.268041 0.047552 0.045361
7 0.919800 0.306775 0.047552 0.030928
6 0.918640 0.165538 0.012758 0.028866
