1 0.693116 0.499102 0.114972 0.117843
1 0.611232 0.473193 0.048796 0.076425
1 0.535218 0.457093 0.023298 0.047689
1 0.579523 0.468774 0.024370 0.036393
1 0.561489 0.461842 0.019496 0.029461
2 0.564901 0.431515 0.034118 0.045058
6 0.554822 0.227382 0.013960 0.058202
6 0.699425 0.315032 0.008773 0.031939
6 0.532234 0.387447 0.011675 0.036145
6 0.854478 0.420937 0.015820 0.023437
6 0.416783 0.391640 0.015820 0.025781
6 0.836680 0.418593 0.011865 0.023437
7 0.338340 0.270000 0.017139 0.042187
7 0.344932 0.220781 0.038232 0.028125
7 0.271104 0.223125 0.035596 0.042187
7 0.429966 0.342656 0.023730 0.018750
7 0.420738 0.303984 0.018457 0.039844
7 0.860410 0.357890 0.035596 0.021094
7 0.834043 0.359062 0.017139 0.023437
7 0.757578 0.311015 0.022412 0.035156
7 0.729893 0.309844 0.019775 0.032812
7 0.470835 0.428203 0.018457 0.030469
7 0.652769 0.424687 0.013184 0.023437
1 0.488633 0.468047 0.032959 0.035156
