6 0.415582 0.355701 0.017551 0.029122
6 0.523229 0.368182 0.010531 0.020801
6 0.500412 0.411865 0.009361 0.016641
6 0.227786 0.315139 0.011701 0.018721
6 0.364684 0.371302 0.009361 0.014561
6 0.164602 0.322419 0.014041 0.020801
6 0.307351 0.361942 0.007020 0.016641
6 0.115459 0.385863 0.016381 0.018721
6 0.141786 0.368182 0.010531 0.041602
7 0.225446 0.362982 0.016381 0.014561
7 0.546630 0.416025 0.010531 0.016641
7 0.531419 0.410825 0.010531 0.031202
7 0.045255 0.331780 0.009361 0.031202
7 0.011512 0.167450 0.023024 0.085285
7 0.271078 0.372342 0.009361 0.020801
7 0.271078 0.397304 0.014041 0.020801
7 0.269908 0.413945 0.021061 0.012481
1 0.501582 0.433706 0.016381 0.022881
1 0.489882 0.440986 0.016381 0.020801
1 0.465310 0.428506 0.018721 0.016641
1 0.443664 0.427466 0.012871 0.014561
1 0.430208 0.435786 0.021061 0.022881
1 0.251772 0.439946 0.054993 0.056163
1 0.194439 0.452427 0.062014 0.052003
1 0.085622 0.429546 0.141578 0.064484
1 0.340698 0.452427 0.012871 0.031202
1 0.416167 0.432666 0.014041 0.024961
1 0.448929 0.449307 0.023401 0.029122
1 0.301500 0.466988 0.070204 0.085285
1 0.371704 0.472188 0.065524 0.095686
1 0.468820 0.475309 0.044463 0.068644
1 0.925148 0.566834 0.147429 0.289137
1 0.010927 0.535632 0.021853 0.151849
1 0.515038 0.442027 0.010531 0.014561
