7 0.182461 0.385312 0.035859 0.076875
7 0.406055 0.442500 0.021094 0.037500
7 0.380742 0.442500 0.021094 0.037500
7 0.325898 0.421875 0.014766 0.037500
7 0.293203 0.420937 0.050625 0.043125
7 0.129727 0.440625 0.037969 0.026250
1 0.288602 0.490687 0.022148 0.020625
1 0.307586 0.486937 0.017930 0.024375
1 0.458407 0.491625 0.015820 0.015000
1 0.432838 0.495089 0.024769 0.029428
1 0.617339 0.490687 0.033347 0.028125
1 0.673035 0.501937 0.042187 0.039375
1 0.350301 0.502875 0.016875 0.037500
1 0.386362 0.528791 0.067903 0.111832
1 0.529071 0.502875 0.060117 0.063750
1 0.766779 0.525644 0.144492 0.125625
