6 0.549278 0.343828 0.014502 0.058594
6 0.532139 0.347344 0.017139 0.060937
6 0.683750 0.513750 0.017139 0.032812
7 0.679136 0.468047 0.018457 0.053906
7 0.689024 0.435234 0.022412 0.021094
7 0.493247 0.584062 0.010547 0.023437
1 0.302745 0.657890 0.035596 0.058594
1 0.284947 0.674296 0.036914 0.067969
1 0.220347 0.666093 0.039551 0.046875
1 0.433921 0.627421 0.007910 0.021094
1 0.441831 0.626250 0.007910 0.018750
1 0.449742 0.626250 0.013184 0.023437
1 0.458970 0.627421 0.015820 0.025781
1 0.472154 0.627421 0.010547 0.030469
1 0.480064 0.628593 0.015820 0.028125
1 0.496543 0.629765 0.025049 0.025781
1 0.173545 0.697734 0.048779 0.053906
1 0.240782 0.697734 0.075146 0.086719
1 0.027776 0.750468 0.055552 0.103125
1 0.331748 0.647343 0.014502 0.023437
1 0.418101 0.628593 0.018457 0.023437
1 0.400303 0.627421 0.014502 0.030469
