1 0.621249 0.512417 0.026490 0.040365
1 0.558178 0.509053 0.021444 0.024668
1 0.548087 0.528114 0.023967 0.058306
1 0.589083 0.533721 0.063071 0.091943
1 0.683689 0.513538 0.065594 0.069518
1 0.790279 0.500083 0.073162 0.078488
1 0.428883 0.534842 0.041627 0.080731
1 0.378426 0.546054 0.097129 0.134551
1 0.251969 0.563995 0.192366 0.246678
1 0.108482 0.654817 0.216964 0.477657
1 0.492584 0.567358 0.121096 0.177159
1 0.741084 0.578571 0.185429 0.199585
6 0.343737 0.358804 0.022706 0.015698
6 0.403654 0.441777 0.007569 0.029153
6 0.466725 0.370016 0.010091 0.024668
7 0.166507 0.303862 0.042888 0.089701
6 0.307786 0.355440 0.012614 0.020183
6 0.713459 0.364410 0.005046 0.029153
6 0.335538 0.421594 0.017660 0.015698
