1 0.344244 0.530868 0.009471 0.016837
1 0.390306 0.527041 0.013776 0.027551
1 0.429050 0.530868 0.025829 0.038265
1 0.448852 0.553827 0.055102 0.065816
1 0.493192 0.579847 0.074904 0.130102
1 0.505676 0.588266 0.079209 0.113265
1 0.368782 0.541582 0.043048 0.068878
1 0.327803 0.536633 0.024107 0.036735
1 0.257634 0.564184 0.055963 0.076531
1 0.151305 0.600153 0.110204 0.133163
2 0.709988 0.469133 0.377966 0.638266
1 0.865580 0.758929 0.261735 0.442347
7 0.478543 0.465885 0.017219 0.015306
7 0.279228 0.472007 0.009471 0.015306
7 0.016663 0.475000 0.030995 0.067347
