7 0.618883 0.204440 0.029627 0.059600
7 0.619272 0.261961 0.027288 0.013860
7 0.571324 0.310472 0.017152 0.016632
7 0.584108 0.355122 0.012474 0.023563
7 0.572209 0.347499 0.011323 0.022177
7 0.415704 0.355815 0.007796 0.013860
7 0.781302 0.143059 0.021050 0.045739
7 0.778741 0.067817 0.016373 0.051283
6 0.811764 0.200183 0.032745 0.074846
6 0.643862 0.341559 0.008576 0.022177
6 0.501131 0.162760 0.012474 0.080390
6 0.486318 0.155830 0.010915 0.047125
1 0.398608 0.430859 0.027288 0.049897
1 0.364303 0.441948 0.047558 0.044353
1 0.157008 0.623023 0.314016 0.469866
1 0.299203 0.458085 0.059253 0.070688
1 0.519397 0.579363 0.286910 0.413039
1 0.258550 0.482836 0.040542 0.040195
