7 0.195849 0.384631 0.036567 0.032504
7 0.255575 0.390048 0.043880 0.069342
7 0.310426 0.446388 0.014627 0.034671
7 0.301893 0.370545 0.019502 0.056340
7 0.356744 0.373796 0.041443 0.054173
7 0.387216 0.382831 0.021940 0.059242
7 0.404890 0.372712 0.013408 0.043339
7 0.418908 0.375963 0.012189 0.041172
7 0.353697 0.448555 0.018283 0.021669
7 0.554815 0.427969 0.020721 0.032504
7 0.601133 0.417135 0.018283 0.054173
7 0.718757 0.322873 0.024378 0.021669
7 0.717538 0.366212 0.021940 0.065008
7 0.737041 0.436637 0.021940 0.041172
7 0.666616 0.414968 0.062164 0.067175
