6 0.461637 0.552187 0.007383 0.020625
6 0.498551 0.528750 0.007383 0.018750
6 0.528082 0.506250 0.007383 0.018750
7 0.560883 0.548437 0.006328 0.020625
7 0.583558 0.482812 0.009492 0.050625
1 0.525656 0.585937 0.023203 0.035625
1 0.510363 0.584062 0.017930 0.016875
1 0.530402 0.594375 0.024258 0.037500
1 0.836103 0.717500 0.323262 0.360000
1 0.626801 0.638437 0.109055 0.151875
1 0.539789 0.600000 0.031219 0.045000
1 0.546961 0.613125 0.037969 0.056250
1 0.957389 0.836191 0.079102 0.320625
6 0.466191 0.229466 0.019379 0.042108
