1 0.053555 0.661660 0.106373 0.144748
1 0.164231 0.669018 0.166462 0.172744
1 0.366731 0.624966 0.056631 0.083898
1 0.321683 0.600559 0.031748 0.056441
1 0.289935 0.607424 0.031748 0.039661
1 0.237689 0.585459 0.024968 0.026020
1 0.363299 0.575390 0.012013 0.018305
1 0.348283 0.575390 0.014587 0.018305
1 0.332838 0.571576 0.012871 0.016780
1 0.319967 0.567763 0.009439 0.012203
1 0.307954 0.561661 0.007722 0.012203
1 0.284028 0.572339 0.031549 0.024407
1 0.258616 0.553271 0.022309 0.019831
7 0.401053 0.544576 0.006864 0.018305
7 0.420788 0.537712 0.006864 0.010678
7 0.423791 0.549152 0.018019 0.012203
7 0.424649 0.561356 0.016303 0.009153
1 0.261366 0.579337 0.020663 0.022959
