1 0.063639 0.560628 0.122118 0.314418
1 0.324594 0.401340 0.049830 0.054898
1 0.420744 0.390111 0.021757 0.029945
1 0.490576 0.386992 0.025266 0.031192
1 0.474434 0.383352 0.009124 0.014972
1 0.430921 0.383352 0.010527 0.012477
1 0.464257 0.387096 0.011229 0.012477
1 0.452677 0.387096 0.010527 0.012477
1 0.440044 0.383976 0.009124 0.011229
6 0.432792 0.353720 0.005615 0.013725
6 0.447881 0.348729 0.006316 0.013725
6 0.468585 0.346234 0.005615 0.013725
6 0.481920 0.348729 0.005615 0.016220
6 0.605558 0.361206 0.009124 0.018715
