6 0.418106 0.434021 0.005799 0.016495
6 0.452320 0.436083 0.009278 0.016495
7 0.481338 0.453286 0.008119 0.016495
7 0.498734 0.416173 0.022036 0.024742
1 0.427384 0.459794 0.011598 0.016495
1 0.418106 0.467010 0.006959 0.018557
1 0.410567 0.469072 0.012758 0.030928
1 0.405928 0.474227 0.012758 0.028866
1 0.399549 0.476289 0.011598 0.032990
1 0.391430 0.474227 0.013918 0.045361
1 0.385632 0.480412 0.013918 0.053608
1 0.368235 0.475670 0.028995 0.072165
1 0.328802 0.482887 0.075387 0.107217
1 0.294588 0.507629 0.083505 0.107217
1 0.442171 0.461856 0.006959 0.016495
1 0.450290 0.472165 0.011598 0.016495
1 0.472036 0.481443 0.011598 0.018557
1 0.481315 0.486598 0.013918 0.024742
1 0.490593 0.488660 0.023196 0.032990
1 0.505670 0.494845 0.025515 0.041237
1 0.530954 0.499175 0.039433 0.063918
1 0.569760 0.520275 0.048108 0.082474
1 0.609193 0.535739 0.080583 0.105155
1 0.669201 0.558419 0.113660 0.138144
1 0.195425 0.542268 0.168170 0.210309
1 0.836211 0.624742 0.292268 0.317526
1 0.096843 0.612371 0.193686 0.412371
