1 0.720879 0.380625 0.009492 0.030000
1 0.735328 0.359250 0.021094 0.022500
1 0.608238 0.398625 0.068555 0.112500
1 0.767812 0.354562 0.040078 0.046875
1 0.821074 0.389250 0.028477 0.063750
1 0.830566 0.393937 0.024258 0.065625
1 0.852187 0.390187 0.042187 0.088125
1 0.872648 0.405187 0.040078 0.099375
1 0.420187 0.402000 0.140062 0.150000
1 0.477035 0.456562 0.225070 0.234375
1 0.735750 0.381562 0.031641 0.043125
1 0.702000 0.374062 0.023203 0.024375
1 0.776883 0.388125 0.061172 0.101250
1 0.938039 0.407812 0.122344 0.166875
1 0.119918 0.421875 0.239836 0.180000
7 0.311344 0.183750 0.014766 0.022500
7 0.296051 0.144375 0.036914 0.030000
7 0.876340 0.274687 0.011602 0.024375
7 0.853136 0.290625 0.009492 0.026250
7 0.853136 0.317812 0.013711 0.024375
6 0.288773 0.256875 0.016875 0.033750
6 0.704742 0.322500 0.006328 0.018750
6 0.743765 0.330000 0.006328 0.015000
