3 0.681878 0.371727 0.221281 0.376059
1 0.455723 0.454044 0.082859 0.110911
1 0.286106 0.428915 0.069211 0.077985
1 0.500808 0.441913 0.034118 0.060655
1 0.941421 0.434114 0.060438 0.051990
1 0.855150 0.428915 0.127700 0.065854
1 0.333628 0.419384 0.022421 0.019063
1 0.222012 0.416785 0.056539 0.045058
6 0.155726 0.345732 0.010723 0.020796
6 0.359460 0.249551 0.010723 0.025995
6 0.489597 0.308473 0.013647 0.025995
6 0.467664 0.396855 0.006824 0.015597
6 0.403327 0.409853 0.006824 0.013864
7 0.352149 0.297208 0.017547 0.017330
7 0.364822 0.338800 0.017547 0.034660
7 0.866360 0.136906 0.025345 0.043325
7 0.884394 0.071919 0.030219 0.058922
7 0.901941 0.149037 0.043866 0.074519
