6 0.319414 0.371546 0.011990 0.040855
6 0.156548 0.360000 0.013988 0.042632
6 0.085607 0.416842 0.011990 0.035526
6 0.235983 0.455033 0.008993 0.019539
6 0.282944 0.431941 0.010991 0.019539
6 0.325909 0.435493 0.008993 0.019539
6 0.409340 0.450592 0.011990 0.021316
7 0.427825 0.388125 0.016986 0.012434
7 0.402846 0.412105 0.016986 0.007105
7 0.386359 0.447632 0.013988 0.017763
7 0.537235 0.280658 0.019984 0.039079
7 0.549225 0.318849 0.019984 0.019539
7 0.529741 0.317072 0.014988 0.015987
1 0.244424 0.486584 0.013988 0.019539
1 0.232434 0.485771 0.013988 0.025020
1 0.215947 0.491024 0.018984 0.024868
1 0.182475 0.481255 0.043964 0.065724
7 0.155497 0.442176 0.011990 0.023092
1 0.361328 0.496353 0.083931 0.046184
1 0.311044 0.476941 0.018984 0.023092
