7 0.192641 0.422763 0.079934 0.042632
7 0.295557 0.422763 0.059951 0.042632
7 0.630281 0.547105 0.059951 0.021316
7 0.697726 0.589737 0.026978 0.017763
7 0.084730 0.518684 0.031974 0.035526
6 0.047532 0.565757 0.042424 0.040855
6 0.376490 0.425428 0.015987 0.051513
6 0.200135 0.557763 0.008993 0.042632
6 0.359504 0.422763 0.013988 0.060395
6 0.503885 0.498257 0.010991 0.047961
6 0.695727 0.650132 0.016986 0.031974
6 0.514377 0.500033 0.009992 0.047961
1 0.218120 0.741612 0.124897 0.229145
1 0.110309 0.778914 0.220618 0.378355
1 0.826120 0.827763 0.347714 0.341053
1 0.368996 0.790461 0.250794 0.408553
