1 0.075237 0.558281 0.150474 0.159375
3 0.258580 0.500390 0.100195 0.152344
1 0.313291 0.536718 0.011865 0.046875
6 0.326475 0.483984 0.009229 0.021094
6 0.404258 0.427734 0.011865 0.021094
6 0.437217 0.425390 0.011865 0.030469
1 0.495884 0.548437 0.055371 0.075000
1 0.412827 0.563671 0.089648 0.142969
1 0.361411 0.525000 0.034277 0.060937
1 0.337681 0.517968 0.018457 0.060937
1 0.458311 0.534375 0.017139 0.046875
1 0.471494 0.521484 0.009229 0.035156
6 0.513682 0.485156 0.009229 0.018750
7 0.303404 0.414843 0.021094 0.023437
7 0.613877 0.361406 0.014502 0.065625
7 0.750327 0.284062 0.029004 0.112500
