6 0.543051 0.354739 0.011996 0.046919
6 0.280929 0.333412 0.010797 0.034123
6 0.654618 0.324881 0.011996 0.042654
6 0.745191 0.428317 0.025193 0.031991
6 0.528656 0.351540 0.007198 0.036256
6 0.121976 0.333412 0.033590 0.034123
7 0.269532 0.365403 0.016795 0.012796
7 0.261135 0.382464 0.011996 0.012796
7 0.151967 0.280095 0.040788 0.029858
7 0.142970 0.247038 0.015595 0.023460
7 0.743392 0.320616 0.014396 0.017062
7 0.724797 0.355805 0.013196 0.019194
1 0.059788 0.459241 0.119577 0.115166
1 0.398494 0.454976 0.022793 0.038389
1 0.449479 0.521090 0.098371 0.213270
1 0.286327 0.588270 0.256724 0.394550
1 0.672613 0.665047 0.328702 0.386019
1 0.898746 0.682109 0.200341 0.347630
7 0.620428 0.394194 0.020394 0.014929
7 0.567644 0.360071 0.020394 0.027725
