7 0.161021 0.337969 0.015820 0.018750
1 0.203208 0.410625 0.021094 0.028125
1 0.236167 0.411797 0.018457 0.025781
1 0.260557 0.409453 0.019775 0.030469
1 0.284947 0.412968 0.021094 0.018750
1 0.316587 0.409453 0.026367 0.030469
1 0.389756 0.421172 0.054053 0.077344
1 0.333067 0.409453 0.014502 0.025781
1 0.354161 0.396562 0.025049 0.032812
2 0.447105 0.389531 0.065918 0.056250
2 0.523570 0.383672 0.092285 0.082031
2 0.640903 0.384843 0.158203 0.121875
1 0.087852 0.416484 0.043506 0.058594
1 0.029754 0.420000 0.059507 0.056250
1 0.014593 0.498515 0.029185 0.171094
6 0.230235 0.329765 0.009229 0.025781
