7 0.442839 0.266119 0.098235 0.094250
7 0.523922 0.277900 0.059253 0.062372
7 0.634242 0.293840 0.031965 0.063758
7 0.680241 0.240477 0.044440 0.081776
7 0.590971 0.356904 0.012474 0.029107
7 0.569141 0.366607 0.012474 0.029107
7 0.511837 0.372151 0.014813 0.015246
6 0.773019 0.163552 0.005458 0.022177
7 0.460381 0.367993 0.007017 0.020791
7 0.477143 0.366607 0.006237 0.012474
7 0.476753 0.381160 0.005458 0.011088
7 0.333298 0.375616 0.011695 0.016632
7 0.372671 0.360369 0.009356 0.019405
7 0.390992 0.337500 0.013254 0.009702
7 0.538735 0.237705 0.024949 0.020791
1 0.267808 0.449076 0.150472 0.163552
1 0.364874 0.422048 0.043660 0.059600
1 0.438551 0.415118 0.033525 0.051283
1 0.482990 0.414425 0.031965 0.055441
1 0.560955 0.426899 0.070948 0.094250
1 0.097066 0.404030 0.119286 0.092864
1 0.182827 0.418583 0.044440 0.036037
1 0.523142 0.410267 0.017152 0.027721
1 0.500922 0.416504 0.008576 0.034651
1 0.510668 0.415118 0.010915 0.026335
6 0.835780 0.167710 0.007796 0.027721
1 0.459601 0.417890 0.011695 0.029107
