1 0.109023 0.556299 0.216452 0.497480
1 0.883589 0.594912 0.229121 0.455650
1 0.248940 0.506339 0.142308 0.159449
1 0.332451 0.493654 0.090886 0.123307
1 0.364739 0.466016 0.055010 0.097795
1 0.399419 0.473457 0.014350 0.053150
1 0.400615 0.463890 0.026309 0.059528
1 0.415564 0.462827 0.008371 0.044646
1 0.425131 0.462827 0.010763 0.031890
1 0.433502 0.459638 0.005979 0.029764
1 0.441275 0.455386 0.007175 0.025512
1 0.480738 0.458575 0.011959 0.023386
1 0.494491 0.460701 0.022721 0.031890
1 0.505254 0.471331 0.017938 0.036142
1 0.521039 0.468142 0.025113 0.059528
1 0.525225 0.480898 0.014350 0.063780
1 0.538379 0.479835 0.016742 0.074409
1 0.570667 0.479835 0.062185 0.091417
1 0.583822 0.502158 0.052618 0.093543
1 0.652106 0.506410 0.125566 0.165827
1 0.746121 0.562215 0.197757 0.230666
1 0.463518 0.458150 0.019134 0.023386
1 0.235586 0.416693 0.045443 0.021260
