7 0.835812 0.198752 0.035127 0.086076
7 0.646888 0.316051 0.019937 0.060759
7 0.604166 0.310144 0.018038 0.025316
7 0.421888 0.321958 0.018038 0.035443
7 0.405274 0.316051 0.013291 0.033755
7 0.390559 0.332929 0.021835 0.060759
7 0.356856 0.327866 0.043671 0.047257
7 0.311761 0.398752 0.010443 0.010127
7 0.313186 0.412254 0.013291 0.016878
7 0.267141 0.304237 0.018038 0.064135
7 0.213502 0.331241 0.055063 0.070886
7 0.722363 0.303393 0.077848 0.069198
1 0.416666 0.410566 0.022785 0.047257
1 0.445622 0.421536 0.025633 0.062447
1 0.813976 0.376811 0.023734 0.016878
1 0.982014 0.282296 0.027532 0.037131
1 0.748945 0.377655 0.015190 0.015190
1 0.523470 0.364152 0.019937 0.018565
1 0.654008 0.416473 0.022785 0.048945
3 0.371097 0.402127 0.064557 0.070886
1 0.301185 0.434195 0.029164 0.033755
1 0.369673 0.484828 0.086392 0.114768
2 0.476477 0.434195 0.072152 0.094515
1 0.588027 0.471325 0.150949 0.243038
7 0.582331 0.343899 0.023734 0.021941
