6 0.449611 0.669425 0.011193 0.035204
6 0.309888 0.709220 0.009471 0.032143
6 0.342604 0.752296 0.006027 0.019898
6 0.370156 0.766072 0.006027 0.016837
6 0.392110 0.739286 0.003444 0.015306
6 0.384362 0.757653 0.005166 0.015306
6 0.359824 0.770664 0.006027 0.016837
1 0.381410 0.781684 0.006888 0.026020
1 0.387867 0.780153 0.006027 0.026020
1 0.395185 0.781684 0.010332 0.029082
1 0.407669 0.785511 0.012915 0.027551
1 0.422306 0.787806 0.014636 0.035204
1 0.454162 0.831429 0.071460 0.113265
1 0.360316 0.810000 0.035300 0.045918
6 0.515839 0.754439 0.008610 0.022959
7 0.419292 0.739031 0.008610 0.019898
7 0.512421 0.710715 0.011193 0.012245
7 0.503380 0.735970 0.018941 0.010714
7 0.837058 0.666064 0.031856 0.035204
7 0.825435 0.774738 0.020663 0.032143
