6 0.518373 0.097697 0.007993 0.039079
6 0.654262 0.099474 0.009992 0.035526
6 0.796644 0.096809 0.010991 0.026645
6 0.547849 0.186513 0.006994 0.024868
6 0.591813 0.182072 0.004996 0.015987
7 0.455925 0.179408 0.014988 0.024868
7 0.808135 0.121678 0.019984 0.008882
7 0.791648 0.131447 0.012989 0.010658
7 0.795645 0.146546 0.014988 0.012434
7 0.791648 0.176743 0.010991 0.033750
7 0.713713 0.178520 0.028976 0.015987
6 0.809634 0.184737 0.020983 0.028421
1 0.509381 0.233586 0.015987 0.019539
1 0.491396 0.246020 0.025979 0.030197
1 0.472911 0.251349 0.026978 0.037303
1 0.545351 0.243355 0.017985 0.024868
1 0.582820 0.237138 0.012989 0.026645
1 0.564336 0.250461 0.023980 0.035526
1 0.416988 0.269852 0.112969 0.213454
2 0.266081 0.201612 0.234807 0.325066
1 0.757676 0.270888 0.042965 0.097697
1 0.803139 0.284211 0.093923 0.117237
1 0.910551 0.293980 0.178853 0.218487
1 0.978403 0.388544 0.042187 0.233536
6 0.641563 0.101250 0.009229 0.032812
6 0.726597 0.198515 0.010547 0.030469
2 0.650791 0.220547 0.051416 0.086719
2 0.615855 0.210000 0.034277 0.079687
