7 0.347430 0.384701 0.016059 0.039426
1 0.451954 0.445921 0.007647 0.028550
7 0.483308 0.394940 0.007647 0.016314
1 0.458072 0.452039 0.015295 0.043505
1 0.464955 0.456118 0.012236 0.057100
1 0.472984 0.456118 0.019118 0.062538
1 0.495544 0.458837 0.055060 0.070695
1 0.544104 0.471752 0.068061 0.120997
1 0.610253 0.486707 0.129239 0.156344
1 0.181623 0.467674 0.050472 0.027190
1 0.005246 0.477201 0.010492 0.043526
1 0.031477 0.455829 0.041969 0.044301
1 0.070823 0.445337 0.013115 0.027979
1 0.093774 0.443005 0.017050 0.027979
1 0.122628 0.441839 0.019673 0.025648
