7 0.484479 0.287677 0.013647 0.027728
6 0.364091 0.303274 0.006824 0.013864
6 0.439638 0.290276 0.007798 0.019063
1 0.453286 0.332734 0.013647 0.020796
1 0.468883 0.327535 0.027295 0.045058
1 0.494228 0.347465 0.054589 0.088383
1 0.549608 0.343999 0.080302 0.109178
1 0.591221 0.369127 0.078959 0.100514
1 0.670668 0.401188 0.167667 0.178498
1 0.387486 0.325802 0.014622 0.020796
1 0.383587 0.336200 0.012673 0.027728
1 0.376763 0.336200 0.016572 0.034660
1 0.371402 0.339666 0.019496 0.048524
1 0.357267 0.338800 0.024370 0.060655
1 0.333872 0.345732 0.051665 0.074519
1 0.309989 0.366528 0.062388 0.091849
1 0.257349 0.376059 0.103330 0.124775
1 0.161331 0.424583 0.170591 0.190629
1 0.418193 0.356130 0.052640 0.091849
1 0.081884 0.512099 0.163768 0.379525
1 0.852957 0.471374 0.290493 0.440180
7 0.530295 0.267747 0.011698 0.012131
