1 0.522319 0.512543 0.009361 0.020801
1 0.538700 0.512543 0.025742 0.045763
1 0.569707 0.520863 0.047973 0.074884
1 0.483707 0.514623 0.021061 0.037442
1 0.502428 0.516703 0.018721 0.024962
1 0.746973 0.582227 0.198912 0.226734
1 0.887759 0.649497 0.220927 0.421663
6 0.540455 0.429338 0.005850 0.016641
6 0.535775 0.429546 0.005850 0.018721
6 0.479027 0.435786 0.004680 0.018721
6 0.443925 0.449099 0.009361 0.014561
6 0.483122 0.436618 0.005850 0.018721
7 0.613000 0.437866 0.012871 0.035362
7 0.560932 0.465948 0.007020 0.020801
7 0.617680 0.438906 0.005850 0.024961
6 0.727082 0.455547 0.007020 0.024962
7 0.754578 0.456587 0.015211 0.022881
