6 0.453865 0.427839 0.010559 0.035979
6 0.599053 0.458343 0.014079 0.025029
7 0.626742 0.446387 0.016719 0.067265
7 0.586706 0.385379 0.017598 0.023465
7 0.585386 0.419794 0.023758 0.039108
7 0.583626 0.461248 0.020238 0.037543
7 0.147937 0.183136 0.041356 0.057879
7 0.134299 0.263698 0.028158 0.043801
1 0.562184 0.566280 0.074794 0.106373
1 0.467592 0.545944 0.021118 0.065701
1 0.448674 0.542034 0.030797 0.098552
1 0.355842 0.561588 0.205902 0.366049
1 0.725410 0.649815 0.269257 0.240904
1 0.906998 0.791653 0.183024 0.408285
