1 0.251454 0.424104 0.027223 0.035660
1 0.222082 0.427925 0.034387 0.043302
1 0.355331 0.401180 0.020059 0.025472
1 0.762958 0.393538 0.144711 0.112076
1 0.389717 0.410095 0.008597 0.033113
1 0.398314 0.412642 0.011462 0.038208
1 0.412642 0.413915 0.022925 0.045849
1 0.428403 0.413915 0.022925 0.056038
1 0.456342 0.412642 0.055879 0.078962
1 0.916266 0.357878 0.091698 0.117170
1 0.923429 0.410095 0.094564 0.114623
1 0.154024 0.426651 0.053013 0.061132
1 0.123936 0.438114 0.044416 0.058585
1 0.076654 0.443208 0.075938 0.084057
7 0.729287 0.233066 0.054446 0.096793
7 0.729287 0.292925 0.037252 0.022925
