7 0.284224 0.291580 0.022285 0.033785
7 0.524755 0.292752 0.020828 0.031441
7 0.499180 0.228984 0.022412 0.025781
7 0.511704 0.230156 0.013184 0.028125
1 0.398985 0.394218 0.014502 0.028125
1 0.385801 0.401250 0.025049 0.046875
1 0.369322 0.410625 0.026367 0.051562
1 0.313291 0.386015 0.025049 0.030469
1 0.340977 0.412968 0.059326 0.103125
1 0.514341 0.412968 0.050098 0.084375
1 0.172886 0.441093 0.052734 0.103125
1 0.455015 0.459843 0.131836 0.182812
1 0.253306 0.438750 0.126562 0.154687
1 0.051507 0.422343 0.103013 0.117187
1 0.085784 0.605156 0.171568 0.431250
1 0.879526 0.577031 0.239941 0.417187
