6 0.184198 0.477375 0.008799 0.029722
1 0.067754 0.600695 0.072154 0.062572
7 0.361502 0.514658 0.011439 0.009386
6 0.409898 0.475550 0.006159 0.015643
6 0.431896 0.473465 0.007919 0.015643
6 0.480732 0.453911 0.010559 0.017207
6 0.595562 0.466425 0.009679 0.020336
7 0.637945 0.475550 0.005280 0.015643
2 0.544820 0.526651 0.046636 0.071958
1 0.510650 0.561848 0.022878 0.035979
1 0.493198 0.563413 0.020238 0.042236
1 0.468560 0.568106 0.036077 0.064137
1 0.606855 0.568106 0.019358 0.042236
1 0.594536 0.561066 0.022878 0.046929
1 0.410632 0.579056 0.087992 0.123581
1 0.211182 0.681779 0.320293 0.326941
1 0.540420 0.570713 0.048396 0.076651
1 0.583243 0.563673 0.013199 0.053187
1 0.636919 0.570713 0.057195 0.079780
1 0.734737 0.605910 0.105591 0.165817
1 0.874352 0.612167 0.248139 0.333720
