1 0.371792 0.482963 0.005742 0.014036
1 0.324421 0.477859 0.020097 0.019140
1 0.319038 0.487429 0.020815 0.028072
1 0.270231 0.507207 0.033734 0.077836
1 0.252647 0.511673 0.022968 0.081664
1 0.204916 0.504655 0.079670 0.133979
1 0.105868 0.525709 0.134218 0.178639
1 0.377893 0.482963 0.006460 0.011484
1 0.394043 0.488067 0.008613 0.017864
1 0.385430 0.485515 0.008613 0.017864
1 0.302889 0.495085 0.031581 0.045936
1 0.350619 0.502741 0.048089 0.066352
1 0.481402 0.509759 0.059265 0.085492
1 0.019223 0.552231 0.038249 0.224028
