7 0.280570 0.278275 0.041954 0.072099
7 0.788918 0.529380 0.032165 0.052210
7 0.786820 0.585320 0.025173 0.059669
7 0.486147 0.559215 0.016782 0.012431
7 0.479854 0.535432 0.012586 0.010273
6 0.623897 0.551223 0.006992 0.029834
6 0.574251 0.536306 0.008391 0.024862
1 0.550477 0.641969 0.011188 0.037293
1 0.529500 0.639483 0.039157 0.077072
1 0.736475 0.717798 0.075518 0.104420
1 0.839263 0.740174 0.185998 0.169061
1 0.460275 0.685122 0.118871 0.183978
7 0.299753 0.159435 0.053614 0.090116
1 0.605356 0.776380 0.171566 0.270347
