1 0.358101 0.544202 0.017215 0.039106
1 0.334191 0.550153 0.032517 0.051008
1 0.308846 0.558654 0.020084 0.057809
1 0.285415 0.559505 0.034430 0.056108
1 0.254332 0.571406 0.033474 0.059509
1 0.235204 0.577357 0.029648 0.054408
1 0.211773 0.578207 0.032517 0.073111
1 0.179733 0.586709 0.033474 0.073111
1 0.101309 0.592660 0.123375 0.142821
1 0.469042 0.522099 0.015302 0.032305
1 0.453262 0.537401 0.029648 0.049307
1 0.426483 0.537401 0.033474 0.052708
1 0.390618 0.539952 0.042081 0.040806
1 0.023919 0.661398 0.044013 0.200630
7 0.899487 0.361304 0.058340 0.093514
6 0.188409 0.375756 0.040168 0.078212
1 0.580530 0.522828 0.040168 0.066310
1 0.530798 0.504125 0.026779 0.045907
6 0.580549 0.429347 0.026779 0.032305
6 0.406214 0.445183 0.018359 0.037972
6 0.509504 0.448583 0.020272 0.036839
6 0.635748 0.425630 0.020272 0.026071
6 0.540971 0.450567 0.014346 0.023804
6 0.502237 0.474371 0.013389 0.027204
6 0.488716 0.486272 0.013389 0.028904
6 0.474371 0.499024 0.013389 0.027204
1 0.560456 0.491753 0.033634 0.063918
