1 0.198446 0.569020 0.108825 0.113804
1 0.352081 0.517808 0.025606 0.042677
1 0.375687 0.510696 0.016804 0.022761
6 0.254859 0.379110 0.007202 0.041254
6 0.390890 0.386223 0.010402 0.035564
6 0.333677 0.463752 0.004801 0.022761
6 0.348080 0.481533 0.003201 0.021338
7 0.320474 0.462329 0.016804 0.008535
7 0.210449 0.432455 0.016004 0.011380
7 0.439702 0.400448 0.034408 0.015648
7 0.459306 0.448103 0.016004 0.014226
6 0.203647 0.481533 0.010402 0.024183
6 0.475710 0.463040 0.005601 0.018493
7 0.556529 0.382666 0.020005 0.059747
1 0.299524 0.520023 0.019194 0.019194
1 0.601834 0.507227 0.052784 0.057583
