7 0.181423 0.351789 0.087267 0.073488
6 0.293186 0.272858 0.018372 0.070766
7 0.805688 0.334778 0.029089 0.055796
7 0.127073 0.455897 0.013779 0.031300
7 0.311558 0.485156 0.044399 0.021774
7 0.481499 0.413710 0.013779 0.031300
7 0.562642 0.251764 0.019903 0.031300
7 0.577569 0.331376 0.019137 0.016331
7 0.566087 0.373564 0.029854 0.019052
7 0.612399 0.474950 0.027558 0.044909
7 0.128987 0.483115 0.009951 0.017692
7 0.003445 0.424597 0.006889 0.036744
7 0.004976 0.489919 0.009951 0.042188
1 0.003062 0.598790 0.006124 0.055796
1 0.938502 0.505570 0.121714 0.157863
1 0.393849 0.517818 0.019903 0.027218
1 0.308496 0.528024 0.012248 0.014970
1 0.323423 0.527344 0.013013 0.019052
1 0.334906 0.528705 0.014544 0.019052
1 0.290890 0.546396 0.019903 0.040827
1 0.194054 0.542994 0.019137 0.034022
1 0.172620 0.547757 0.026792 0.046270
1 0.078846 0.562046 0.105639 0.129284
1 0.244194 0.558644 0.093391 0.100706
1 0.353278 0.536870 0.039040 0.051714
