1 0.078472 0.511233 0.153045 0.322336
1 0.124775 0.438447 0.089682 0.121309
1 0.207147 0.458376 0.053614 0.123042
1 0.412344 0.442779 0.033143 0.105712
1 0.426478 0.407253 0.016572 0.038126
1 0.313888 0.512966 0.241752 0.433248
6 0.405033 0.269480 0.006824 0.032927
6 0.277333 0.292876 0.010723 0.024262
6 0.367990 0.359596 0.010723 0.015597
6 0.422579 0.364795 0.006824 0.019063
7 0.509337 0.265148 0.020471 0.031194
7 0.455723 0.343999 0.010723 0.019063
7 0.514211 0.342266 0.020471 0.015597
7 0.783258 0.137773 0.034118 0.050257
7 0.789594 0.227888 0.054589 0.098781
7 0.567826 0.359596 0.008773 0.012131
7 0.552229 0.358729 0.008773 0.027728
