1 0.486718 0.462933 0.011959 0.027638
2 0.486120 0.441673 0.020330 0.040394
3 0.514223 0.451240 0.055010 0.102047
1 0.385069 0.455652 0.038268 0.037949
1 0.295379 0.462189 0.045443 0.038268
1 0.450244 0.473882 0.037072 0.048898
3 0.622050 0.438991 0.161442 0.237353
1 0.889383 0.489280 0.217648 0.314646
1 0.072948 0.451772 0.033484 0.048898
1 0.117793 0.461339 0.056206 0.055276
7 0.115401 0.401599 0.017938 0.027638
6 0.108824 0.192189 0.009567 0.017008
7 0.193730 0.423921 0.014350 0.021260
7 0.668489 0.314433 0.062185 0.044646
7 0.778509 0.179433 0.057402 0.063780
7 0.776117 0.310181 0.031093 0.044646
6 0.764039 0.372898 0.020330 0.034016
7 0.812459 0.414369 0.025515 0.043299
1 0.416969 0.441173 0.013918 0.022680
