6 0.767807 0.263595 0.008119 0.037113
6 0.763747 0.330606 0.009278 0.030928
7 0.756209 0.255899 0.010438 0.025844
7 0.614714 0.313080 0.019716 0.041237
1 0.312564 0.343918 0.015077 0.012371
1 0.288209 0.349072 0.024356 0.010309
1 0.242977 0.344949 0.024356 0.022680
1 0.157732 0.344949 0.023196 0.010309
1 0.446521 0.355670 0.006959 0.016495
1 0.424485 0.351546 0.009278 0.012371
1 0.414626 0.353608 0.012758 0.020619
1 0.437822 0.358763 0.015077 0.022680
1 0.488853 0.355670 0.010438 0.016495
1 0.467397 0.353608 0.009278 0.012371
3 0.353760 0.338853 0.010438 0.014433
