7 0.617541 0.108312 0.059463 0.029461
7 0.750602 0.161168 0.023395 0.020796
7 0.642886 0.228755 0.010723 0.010398
6 0.547842 0.140372 0.007798 0.045058
6 0.627776 0.217490 0.009748 0.015597
6 0.517136 0.295475 0.008773 0.012131
6 0.483017 0.296342 0.006824 0.017330
6 0.729156 0.236553 0.005849 0.022529
6 0.755963 0.232221 0.020471 0.031194
6 0.535170 0.142972 0.013647 0.046791
1 0.560515 0.142105 0.013647 0.051990
1 0.228105 0.389057 0.226155 0.272080
1 0.495690 0.369994 0.057514 0.084917
1 0.576599 0.358729 0.030219 0.045058
1 0.358242 0.377792 0.071161 0.103980
1 0.404545 0.356996 0.044841 0.069320
1 0.440126 0.324069 0.026320 0.031194
1 0.460109 0.312805 0.019496 0.022529
1 0.522497 0.311939 0.011698 0.027728
1 0.534682 0.321470 0.016572 0.029461
1 0.479849 0.318870 0.015597 0.029461
1 0.494959 0.321470 0.018521 0.027728
7 0.572456 0.268614 0.007798 0.012131
6 0.644104 0.274679 0.010723 0.017330
