7 0.222910 0.433459 0.040020 0.037352
7 0.260429 0.441463 0.011005 0.017787
7 0.280439 0.444131 0.011005 0.026680
1 0.254926 0.523281 0.036018 0.067589
1 0.268433 0.505494 0.019009 0.017787
1 0.322960 0.513498 0.012006 0.016008
1 0.339968 0.519723 0.012006 0.021344
1 0.352974 0.528617 0.022011 0.028459
1 0.367982 0.513498 0.014007 0.019565
1 0.386491 0.503716 0.015007 0.024901
1 0.417506 0.520613 0.019009 0.019565
1 0.419507 0.529506 0.019009 0.030237
1 0.409502 0.541957 0.025012 0.048024
1 0.379487 0.559743 0.061030 0.083597
1 0.305451 0.529506 0.033016 0.044466
1 0.142561 0.618556 0.284759 0.296801
