7 0.178643 0.511711 0.016381 0.016641
7 0.207895 0.512751 0.037442 0.018721
7 0.238902 0.516911 0.019891 0.018721
7 0.164602 0.504430 0.021061 0.018721
1 0.144711 0.525231 0.009361 0.014561
1 0.151731 0.528352 0.011701 0.008320
1 0.155241 0.537712 0.011701 0.014561
1 0.174548 0.535632 0.012871 0.010401
1 0.164602 0.539792 0.011701 0.014561
1 0.168112 0.550193 0.014041 0.014561
1 0.189174 0.538752 0.011701 0.012481
1 0.207895 0.551233 0.014041 0.012481
1 0.229541 0.555393 0.010531 0.012481
1 0.220765 0.555393 0.011701 0.012481
1 0.233051 0.564754 0.015211 0.014561
1 0.233051 0.536672 0.012871 0.016641
1 0.253527 0.538752 0.011701 0.012481
1 0.264058 0.542913 0.014041 0.012481
1 0.265813 0.555393 0.012871 0.012481
1 0.289215 0.547073 0.012871 0.012481
1 0.273419 0.559554 0.011701 0.012481
1 0.286874 0.559554 0.017551 0.012481
1 0.305010 0.555393 0.011701 0.012481
1 0.305010 0.567874 0.014041 0.020801
1 0.266983 0.573074 0.008190 0.018721
1 0.193854 0.567874 0.014041 0.020801
1 0.129500 0.569954 0.021061 0.020801
1 0.340698 0.565794 0.012871 0.016641
1 0.370534 0.573074 0.014041 0.027042
1 0.294480 0.570994 0.009361 0.018721
1 0.193269 0.526272 0.010531 0.012481
1 0.205555 0.533552 0.014041 0.018721
1 0.251187 0.576195 0.021061 0.037442
1 0.218425 0.579315 0.044463 0.043683
1 0.280439 0.579315 0.023401 0.031202
1 0.323147 0.575154 0.026912 0.035362
1 0.390426 0.574114 0.028082 0.041602
1 0.161677 0.580355 0.050313 0.045763
1 0.066901 0.595956 0.132218 0.118567
