6 0.373371 0.436067 0.009826 0.013725
6 0.444255 0.433572 0.008422 0.013725
1 0.425300 0.488923 0.037887 0.078012
1 0.247042 0.517292 0.043513 0.062384
1 0.158262 0.545365 0.065270 0.078604
1 0.087026 0.562833 0.102466 0.103558
1 0.542160 0.476742 0.040004 0.071118
1 0.556547 0.481733 0.026669 0.068623
1 0.589533 0.481109 0.049128 0.082347
1 0.617957 0.489843 0.065270 0.079852
1 0.664278 0.490467 0.068077 0.098567
2 0.813046 0.350690 0.258001 0.246389
1 0.477241 0.525589 0.116503 0.162200
1 0.021406 0.577680 0.042811 0.127264
1 0.830435 0.524653 0.337578 0.284473
1 0.365651 0.500323 0.023862 0.027449
1 0.295117 0.510305 0.066673 0.089834
1 0.384600 0.502163 0.012633 0.031128
1 0.398816 0.493438 0.015302 0.022103
6 0.581008 0.396159 0.010520 0.022103
