1 0.540464 0.417732 0.009742 0.024742
1 0.502539 0.408454 0.015077 0.022680
1 0.484446 0.411546 0.012758 0.020619
1 0.469949 0.411546 0.013918 0.020619
1 0.438054 0.422887 0.024356 0.043299
1 0.424137 0.415670 0.010438 0.016495
1 0.523067 0.423711 0.027835 0.043299
1 0.457539 0.413402 0.012758 0.018557
1 0.579897 0.402062 0.009278 0.022680
6 0.728374 0.178286 0.017397 0.082474
6 0.539536 0.355670 0.007423 0.018557
6 0.483518 0.377320 0.005799 0.016495
6 0.459742 0.342268 0.006959 0.020619
1 0.094843 0.451231 0.055150 0.049679
1 0.141408 0.451134 0.030328 0.057732
1 0.172229 0.445979 0.031314 0.063918
1 0.215722 0.440825 0.034794 0.061856
1 0.255271 0.438763 0.045232 0.045361
1 0.295284 0.422268 0.009278 0.024742
1 0.317784 0.419175 0.021804 0.026804
1 0.366379 0.419175 0.010438 0.022680
1 0.336804 0.420206 0.016237 0.020619
6 0.173389 0.391753 0.003479 0.020619
6 0.247616 0.368660 0.003479 0.024742
7 0.117139 0.421237 0.009278 0.018557
7 0.569459 0.364536 0.009278 0.008247
7 0.600193 0.322268 0.008119 0.043299
7 0.558441 0.378969 0.005799 0.016495
2 0.546263 0.399588 0.011598 0.020619
2 0.529330 0.393814 0.013918 0.028866
1 0.379833 0.407217 0.017397 0.026804
7 0.422165 0.397938 0.006959 0.016495
7 0.399549 0.383505 0.008119 0.016495
