7 0.506896 0.388393 0.006888 0.015306
7 0.490968 0.404464 0.006027 0.013776
7 0.618176 0.352041 0.012054 0.016837
6 0.466646 0.396811 0.003444 0.013776
1 0.486448 0.422959 0.013776 0.018367
1 0.504959 0.419133 0.030134 0.041327
1 0.508403 0.430612 0.016358 0.039796
1 0.522178 0.432908 0.023246 0.041327
1 0.541980 0.437500 0.042188 0.071939
1 0.576419 0.450510 0.059407 0.094898
1 0.456744 0.422959 0.016358 0.018367
1 0.619516 0.471540 0.091263 0.108674
1 0.419508 0.416709 0.027551 0.045918
1 0.392817 0.419771 0.036161 0.058163
1 0.369571 0.429720 0.020663 0.050510
1 0.351491 0.436607 0.030995 0.061225
1 0.266716 0.463338 0.143782 0.165306
1 0.244761 0.379155 0.056824 0.030612
1 0.142736 0.463338 0.112787 0.110204
6 0.929472 0.173912 0.025313 0.124412
6 0.968185 0.367147 0.031268 0.045000
6 0.932450 0.368471 0.019357 0.037059
