1 0.479991 0.440051 0.012915 0.016837
1 0.488170 0.442347 0.008610 0.021429
1 0.498501 0.445408 0.015497 0.027551
1 0.504959 0.446939 0.011193 0.027551
1 0.520456 0.446174 0.019802 0.041327
1 0.526627 0.452296 0.018941 0.035204
1 0.539541 0.453827 0.012054 0.041327
1 0.549873 0.459949 0.018941 0.044388
1 0.564509 0.463776 0.029273 0.045918
1 0.593782 0.466837 0.029273 0.058163
1 0.609423 0.471684 0.033578 0.061735
1 0.627934 0.477296 0.041327 0.068878
1 0.663808 0.482653 0.072321 0.082653
1 0.730676 0.497194 0.096429 0.093367
1 0.833275 0.527551 0.136894 0.137755
1 0.321787 0.433163 0.009471 0.026020
1 0.290793 0.437755 0.035300 0.026020
1 0.257215 0.434694 0.031856 0.032143
1 0.226220 0.433929 0.037022 0.039796
1 0.223637 0.435459 0.016358 0.039796
1 0.205557 0.439286 0.028412 0.041327
1 0.193503 0.439286 0.023246 0.044388
1 0.162939 0.439286 0.037883 0.053571
1 0.141630 0.440817 0.031856 0.053571
1 0.097290 0.440051 0.070600 0.061225
1 0.052519 0.443878 0.025829 0.059694
1 0.031425 0.443878 0.042188 0.071939
1 0.018941 0.454592 0.037883 0.071939
1 0.938242 0.555230 0.119675 0.195918
1 0.430915 0.435842 0.012915 0.018367
1 0.459327 0.436607 0.009471 0.013776
