1 0.483392 0.550093 0.010492 0.020984
1 0.535197 0.536103 0.014427 0.020984
1 0.495851 0.543098 0.014427 0.025648
1 0.507655 0.545429 0.011804 0.025648
1 0.649300 0.541932 0.048527 0.051295
1 0.575105 0.543264 0.019673 0.023316
3 0.215746 0.508290 0.116726 0.137565
7 0.354768 0.473316 0.014427 0.020984
7 0.385589 0.458161 0.013115 0.013990
7 0.384278 0.476813 0.007869 0.018653
7 0.373786 0.487306 0.015738 0.030311
7 0.765933 0.349741 0.034100 0.020984
7 0.767900 0.377720 0.024919 0.020984
7 0.716095 0.459326 0.020984 0.016321
7 0.703635 0.484974 0.014427 0.011658
7 0.628878 0.468653 0.014427 0.016321
7 0.621665 0.479145 0.010492 0.023316
7 0.590844 0.502461 0.011804 0.018653
1 0.483298 0.526943 0.014427 0.016321
1 0.419033 0.589896 0.127218 0.184197
6 0.419033 0.424352 0.009181 0.030311
6 0.550842 0.443005 0.010492 0.039637
6 0.289192 0.405699 0.006558 0.034974
1 0.749539 0.552591 0.027542 0.030311
