6 0.245751 0.277441 0.020330 0.023386
1 0.381481 0.352913 0.057402 0.055276
1 0.410182 0.335906 0.026309 0.034016
1 0.431708 0.328465 0.009567 0.023386
1 0.455027 0.310394 0.027505 0.025512
1 0.452635 0.362480 0.058597 0.082913
1 0.479542 0.324213 0.011959 0.014882
1 0.498676 0.332717 0.011959 0.019134
1 0.514223 0.340158 0.028701 0.029764
1 0.562057 0.364606 0.066969 0.074409
6 0.430512 0.176457 0.011959 0.021260
6 0.456223 0.223228 0.010763 0.021260
1 0.492697 0.285945 0.009567 0.014882
6 0.625438 0.273189 0.011959 0.023386
6 0.643376 0.270000 0.016742 0.021260
6 0.640984 0.304016 0.011959 0.017008
1 0.666098 0.350787 0.038268 0.038268
1 0.692407 0.359291 0.035876 0.055276
1 0.909400 0.355039 0.021399 0.042520
1 0.760971 0.357920 0.052114 0.042731
1 0.804896 0.349790 0.029779 0.031765
1 0.890511 0.358109 0.013401 0.042353
