7 0.314863 0.346078 0.017547 0.012131
7 0.275383 0.363408 0.012673 0.025995
7 0.172054 0.359076 0.020471 0.013864
6 0.251500 0.399801 0.007798 0.025995
6 0.327535 0.346945 0.005849 0.020796
6 0.365066 0.403267 0.006824 0.019063
6 0.489841 0.344345 0.006824 0.015597
6 0.233954 0.419731 0.009748 0.013864
6 0.568800 0.407600 0.012673 0.017330
6 0.419167 0.428396 0.005849 0.013864
1 0.428428 0.452657 0.010723 0.020796
1 0.417705 0.456123 0.016572 0.017330
1 0.407470 0.454390 0.011698 0.020796
1 0.398696 0.456123 0.015597 0.020796
1 0.389436 0.458723 0.012673 0.029461
1 0.380662 0.456123 0.016572 0.031194
1 0.370914 0.459589 0.018521 0.034660
1 0.352880 0.459589 0.025345 0.038126
1 0.332409 0.463055 0.025345 0.034660
1 0.313888 0.460456 0.017547 0.039859
1 0.286594 0.463922 0.038992 0.057189
1 0.148171 0.494249 0.109178 0.079718
1 0.450361 0.455257 0.013647 0.015597
1 0.491303 0.456123 0.011698 0.020796
1 0.752064 0.461322 0.043866 0.055456
1 0.477656 0.461322 0.023395 0.027728
1 0.538581 0.468254 0.036068 0.041592
2 0.678254 0.464788 0.121300 0.159435
2 0.080909 0.500315 0.161818 0.421117
1 0.835664 0.463055 0.050184 0.045058
1 0.896823 0.463549 0.046791 0.068332
