7 0.536359 0.359704 0.011990 0.023092
1 0.886071 0.412105 0.083931 0.078158
1 0.560339 0.450296 0.031974 0.023092
1 0.468514 0.461842 0.046961 0.049737
1 0.269678 0.471612 0.024979 0.037303
1 0.202234 0.483158 0.027977 0.039079
1 0.168611 0.482270 0.034971 0.046184
1 0.129144 0.492039 0.039967 0.055066
1 0.082182 0.487599 0.045962 0.074605
1 0.027602 0.505235 0.053956 0.067500
1 0.244424 0.475038 0.025979 0.035526
1 0.382310 0.459051 0.033972 0.046184
1 0.422777 0.459939 0.034971 0.044408
1 0.519198 0.459939 0.055954 0.083487
7 0.536359 0.388125 0.009992 0.015987
1 0.326731 0.473092 0.013988 0.021316
7 0.577325 0.392566 0.021982 0.053289
