6 0.094984 0.248460 0.015595 0.070379
6 0.319318 0.238862 0.015595 0.085308
6 0.485468 0.372032 0.014396 0.049301
6 0.274331 0.473459 0.007198 0.017062
6 0.297724 0.477725 0.005998 0.017062
6 0.342111 0.464929 0.008398 0.017062
6 0.306122 0.237796 0.015595 0.074645
6 0.076990 0.253363 0.015595 0.067389
6 0.536165 0.379621 0.017419 0.034123
6 0.528656 0.249526 0.011996 0.072512
6 0.500464 0.440403 0.013196 0.027725
6 0.270732 0.441469 0.009597 0.021327
6 0.352720 0.416943 0.011173 0.023460
7 0.427885 0.251659 0.091173 0.034123
7 0.410491 0.326303 0.089973 0.085308
1 0.328929 0.503624 0.036136 0.041135
1 0.293013 0.508649 0.019194 0.029858
1 0.270820 0.510782 0.025193 0.034123
7 0.021853 0.241896 0.021061 0.048721
7 0.366704 0.223934 0.021594 0.059716
7 0.371502 0.423341 0.019194 0.014929
1 0.018532 0.574114 0.037064 0.108166
6 0.555991 0.381703 0.015211 0.035362
7 0.499242 0.404584 0.011701 0.027042
