6 0.376819 0.192979 0.017215 0.074811
6 0.463850 0.249087 0.017215 0.057809
6 0.622611 0.188728 0.019128 0.076511
6 0.890879 0.103715 0.022953 0.110516
6 0.142024 0.355353 0.014346 0.025504
6 0.438984 0.370655 0.011477 0.022103
6 0.857884 0.281392 0.021997 0.037406
6 0.395468 0.192129 0.018171 0.073111
7 0.895183 0.185328 0.025823 0.045907
7 0.892314 0.281392 0.027735 0.044207
6 0.977433 0.385957 0.010520 0.015302
7 0.986997 0.363440 0.006695 0.014475
7 0.431333 0.356203 0.013389 0.013602
7 0.429898 0.256738 0.037299 0.018703
