7 0.594876 0.445466 0.013389 0.027204
7 0.528407 0.470120 0.006695 0.015302
6 0.498759 0.465019 0.006695 0.025504
6 0.341432 0.388508 0.005738 0.028904
7 0.345736 0.295844 0.012433 0.020403
7 0.335694 0.321348 0.009564 0.020403
7 0.337606 0.346852 0.013389 0.020403
7 0.346214 0.323048 0.009564 0.027204
1 0.500671 0.528354 0.014346 0.028904
1 0.518843 0.524103 0.020084 0.034005
1 0.532232 0.541105 0.037299 0.051008
1 0.579095 0.547056 0.064078 0.103715
1 0.464807 0.482872 0.057384 0.071411
1 0.349083 0.537280 0.063122 0.095214
1 0.259660 0.554282 0.108072 0.146222
1 0.310827 0.515177 0.021041 0.064610
1 0.435158 0.573835 0.143459 0.192129
3 0.731640 0.495381 0.260139 0.389358
1 0.120710 0.570435 0.241421 0.297544
