7 0.235085 0.360393 0.017755 0.063130
7 0.885198 0.268127 0.025950 0.038849
7 0.861980 0.343397 0.017755 0.038849
7 0.590872 0.401670 0.008195 0.019424
7 0.472049 0.393172 0.010926 0.012140
1 0.571751 0.430807 0.010926 0.029137
1 0.577897 0.433235 0.012292 0.033993
1 0.584043 0.436877 0.010926 0.031565
1 0.595652 0.436877 0.023218 0.041277
1 0.607261 0.451446 0.038242 0.055845
1 0.637992 0.452660 0.039608 0.072842
1 0.659161 0.466014 0.046437 0.084982
1 0.699452 0.478154 0.086044 0.099550
1 0.755449 0.501221 0.107897 0.131115
1 0.879735 0.534000 0.236281 0.230666
1 0.960999 0.606841 0.076484 0.230666
1 0.522583 0.429593 0.013658 0.012140
1 0.516437 0.433235 0.012292 0.014568
1 0.504145 0.434449 0.012292 0.021853
1 0.495267 0.441733 0.008195 0.021853
1 0.486390 0.436877 0.009560 0.026709
1 0.478195 0.438091 0.009560 0.033993
1 0.469317 0.435663 0.021853 0.038849
1 0.452245 0.442947 0.025950 0.038849
1 0.446782 0.446590 0.023218 0.031565
1 0.435856 0.450232 0.015024 0.033993
1 0.412637 0.446590 0.034145 0.050989
1 0.547850 0.466014 0.058729 0.084982
1 0.259670 0.480582 0.102434 0.094694
1 0.045242 0.496365 0.088776 0.189389
