1 0.023751 0.590566 0.046406 0.110625
1 0.079650 0.585879 0.065391 0.060000
1 0.216759 0.577441 0.054844 0.065625
1 0.299552 0.560566 0.034805 0.046875
1 0.333829 0.561504 0.033750 0.037500
1 0.355978 0.552129 0.014766 0.037500
6 0.371271 0.531504 0.007383 0.018750
6 0.348595 0.523066 0.010547 0.020625
1 0.366525 0.563379 0.012656 0.018750
1 0.413458 0.556816 0.020039 0.028125
1 0.387619 0.554941 0.014766 0.028125
6 0.789219 0.541640 0.019775 0.042656
6 0.161021 0.510937 0.021094 0.018750
1 0.991587 0.674296 0.015820 0.096094
1 0.451060 0.564843 0.018457 0.018750
1 0.137291 0.555468 0.063281 0.056250
