6 0.589271 0.038992 0.012673 0.064121
6 0.438664 0.291143 0.007798 0.020796
6 0.459134 0.274679 0.005849 0.019063
6 0.538581 0.281611 0.004874 0.015597
7 0.728181 0.159435 0.027295 0.020796
6 0.577574 0.042458 0.010723 0.060655
6 0.600482 0.045341 0.007798 0.062954
1 0.636550 0.362195 0.044841 0.086650
1 0.395285 0.350064 0.030219 0.051990
1 0.361166 0.358729 0.043866 0.058922
1 0.332897 0.369994 0.038018 0.064121
1 0.277333 0.371727 0.077010 0.091849
1 0.540781 0.437194 0.200335 0.292103
7 0.169617 0.199601 0.029244 0.023648
6 0.748165 0.245218 0.018521 0.025995
6 0.154994 0.266881 0.011698 0.031194
