6 0.414857 0.254946 0.009560 0.024281
6 0.502267 0.263444 0.006829 0.021853
6 0.966633 0.159038 0.042339 0.055845
6 0.479390 0.282464 0.010926 0.016187
1 0.521046 0.309982 0.025950 0.029137
1 0.524324 0.328516 0.015024 0.026709
1 0.538665 0.333373 0.019121 0.031565
1 0.598759 0.354011 0.057363 0.072842
1 0.634953 0.371007 0.075118 0.077698
1 0.505203 0.329730 0.017755 0.024281
1 0.491545 0.333373 0.017755 0.036421
1 0.480619 0.351583 0.031413 0.053417
1 0.426671 0.379506 0.106531 0.152968
1 0.365211 0.361295 0.049168 0.082554
1 0.307165 0.368579 0.088776 0.106835
1 0.028545 0.423211 0.055997 0.123831
7 0.381224 0.251131 0.031413 0.019424
7 0.232354 0.172219 0.031413 0.055845
