6 0.691001 0.292265 0.010547 0.049219
6 0.122789 0.343828 0.010547 0.039844
6 0.116856 0.438750 0.009229 0.018750
6 0.109605 0.442265 0.010547 0.021094
6 0.805039 0.436406 0.009229 0.018750
6 0.795811 0.436406 0.009229 0.023437
6 0.675181 0.288750 0.015820 0.051562
6 0.698252 0.298125 0.009229 0.051562
6 0.468199 0.458672 0.007910 0.021094
6 0.373936 0.452812 0.006592 0.023437
7 0.350205 0.449297 0.017139 0.016406
7 0.751646 0.318047 0.023730 0.025781
7 0.779990 0.336797 0.051416 0.025781
7 0.117515 0.380156 0.021094 0.018750
1 0.273741 0.521953 0.025049 0.044531
1 0.311973 0.527812 0.067236 0.089062
1 0.437876 0.504375 0.015820 0.028125
1 0.536094 0.520781 0.014502 0.056250
1 0.453697 0.507890 0.015820 0.025781
1 0.393711 0.534843 0.106787 0.196875
1 0.240123 0.520781 0.052734 0.056250
1 0.496543 0.533672 0.080420 0.110156
1 0.640244 0.536015 0.130517 0.157031
7 0.680454 0.405937 0.015820 0.023437
1 0.103672 0.528984 0.148975 0.142969
1 0.974448 0.553593 0.050098 0.065625
