6 0.229622 0.242633 0.012292 0.050989
6 0.172259 0.367678 0.015024 0.019424
6 0.609993 0.229278 0.013658 0.053417
7 0.226208 0.204998 0.016389 0.029137
7 0.172259 0.343397 0.017755 0.029137
7 0.616139 0.181931 0.015024 0.031565
7 0.476146 0.391958 0.010926 0.019424
7 0.513705 0.383460 0.015024 0.021853
7 0.567654 0.340969 0.027316 0.067986
1 0.388429 0.436808 0.010926 0.016996
1 0.376137 0.438022 0.010926 0.019424
1 0.341309 0.447734 0.025950 0.043705
1 0.252533 0.455018 0.034145 0.043705
7 0.175674 0.428379 0.019121 0.038849
7 0.664624 0.313046 0.021853 0.046133
