7 0.515186 0.369127 0.008773 0.010398
7 0.471320 0.386457 0.016572 0.013864
6 0.521035 0.404654 0.008773 0.012131
1 0.474731 0.434114 0.009748 0.019063
1 0.509825 0.447112 0.013647 0.027728
1 0.522984 0.447112 0.018521 0.045058
1 0.537119 0.448845 0.015597 0.051990
1 0.550279 0.453177 0.018521 0.060655
1 0.577574 0.454910 0.057514 0.071053
1 0.624852 0.468774 0.068237 0.084917
1 0.672617 0.476573 0.091632 0.114377
1 0.487891 0.441913 0.012673 0.024262
2 0.841259 0.482638 0.278795 0.247818
2 0.434277 0.430648 0.078959 0.195828
1 0.395285 0.447978 0.022421 0.046791
1 0.372864 0.458376 0.043866 0.057189
1 0.343132 0.475706 0.058488 0.074519
1 0.302190 0.449711 0.023395 0.032927
1 0.280745 0.448845 0.029244 0.038126
1 0.246139 0.452311 0.034118 0.038126
1 0.216407 0.455777 0.025345 0.038126
1 0.184726 0.464442 0.038018 0.038126
1 0.135498 0.468774 0.052640 0.053723
1 0.095044 0.484371 0.039967 0.036393
1 0.015911 0.499565 0.031822 0.082256
