1 0.426466 0.642222 0.027316 0.065558
1 0.229793 0.622797 0.043705 0.070414
1 0.888784 0.701709 0.107897 0.097122
1 0.916782 0.706565 0.109263 0.106835
1 0.942732 0.739344 0.111994 0.191817
7 0.067948 0.326574 0.028681 0.080126
7 0.015365 0.439479 0.030047 0.111691
7 0.065899 0.393346 0.027316 0.067986
7 0.514559 0.404272 0.050534 0.031565
7 0.623139 0.492896 0.035510 0.024281
6 0.473585 0.381205 0.009560 0.033993
6 0.628602 0.549955 0.010926 0.038849
6 0.050875 0.472258 0.010926 0.043705
1 0.301497 0.651934 0.143407 0.182104
1 0.109604 0.622797 0.136578 0.111691
1 0.487243 0.691997 0.116092 0.189389
6 0.630651 0.591232 0.012292 0.021853
