1 0.387598 0.340312 0.026367 0.037500
1 0.361758 0.347812 0.029531 0.030000
1 0.297422 0.350625 0.094922 0.080625
1 0.269473 0.349687 0.087539 0.075000
1 0.212519 0.353437 0.070664 0.101250
1 0.166641 0.359062 0.132891 0.086250
1 0.112324 0.366562 0.195117 0.123750
1 0.064863 0.372187 0.129727 0.161250
1 0.008965 0.408750 0.017930 0.091875
7 0.323789 0.296250 0.012656 0.028125
7 0.207246 0.249375 0.022148 0.046875
1 0.417656 0.335625 0.014766 0.020625
1 0.465117 0.329062 0.010547 0.018750
1 0.489375 0.346875 0.012656 0.020625
1 0.498340 0.353437 0.015820 0.022500
1 0.504140 0.353437 0.016875 0.018750
1 0.524707 0.361875 0.024258 0.031875
1 0.544746 0.373125 0.024258 0.035625
6 0.434531 0.302812 0.006328 0.015000
6 0.477773 0.306562 0.008437 0.015000
2 0.775195 0.378750 0.448242 0.755625
7 0.506016 0.308268 0.011959 0.017008
