1 0.372634 0.486183 0.038566 0.091415
1 0.393986 0.486224 0.028465 0.068561
1 0.422451 0.485408 0.033974 0.057134
1 0.452293 0.478062 0.018365 0.045707
1 0.471117 0.476429 0.017446 0.035913
1 0.488563 0.464186 0.011937 0.017956
1 0.574418 0.464186 0.009182 0.027751
1 0.505550 0.465819 0.018365 0.027751
1 0.591098 0.467684 0.029383 0.044075
1 0.623695 0.471765 0.024792 0.035913
1 0.673739 0.475846 0.051421 0.044075
1 0.548860 0.479927 0.049584 0.071826
1 0.299561 0.486457 0.131307 0.146917
1 0.097671 0.565629 0.195342 0.272612
6 0.511453 0.370556 0.011019 0.024486
6 0.645974 0.421161 0.009182 0.021221
6 0.466919 0.417080 0.007346 0.016324
7 0.485131 0.421161 0.009182 0.016324
1 0.937052 0.510943 0.077131 0.117533
1 0.965810 0.673368 0.066698 0.266082
