7 0.652634 0.280745 0.020471 0.034660
7 0.652634 0.331001 0.016572 0.041592
7 0.699425 0.315404 0.020471 0.013864
6 0.557590 0.275546 0.009748 0.038126
6 0.282207 0.293742 0.008773 0.039859
6 0.567338 0.279012 0.007798 0.034660
6 0.667743 0.377792 0.017547 0.027728
6 0.722820 0.364795 0.014622 0.029461
6 0.453773 0.373460 0.008773 0.019063
6 0.535170 0.368261 0.007798 0.019063
1 0.154994 0.642073 0.309989 0.570154
1 0.400646 0.473973 0.111128 0.181964
1 0.556615 0.464442 0.091632 0.145571
1 0.275383 0.450578 0.133549 0.131707
1 0.486429 0.424583 0.037043 0.051990
1 0.456210 0.415918 0.021446 0.031194
