1 0.061365 0.705147 0.120570 0.162025
1 0.125447 0.695865 0.049367 0.072574
1 0.380696 0.677074 0.070253 0.079325
1 0.292405 0.678762 0.072152 0.092827
1 0.231645 0.688045 0.060759 0.084388
1 0.343829 0.670323 0.031329 0.059072
1 0.533861 0.654289 0.051266 0.074262
1 0.465031 0.669479 0.057911 0.067511
1 0.578006 0.666104 0.033228 0.047257
7 0.519145 0.601969 0.010443 0.020253
7 0.566297 0.634880 0.008544 0.021941
7 0.640823 0.583403 0.026582 0.010127
7 0.704905 0.508298 0.014241 0.045570
7 0.707753 0.539522 0.025633 0.016878
7 0.706804 0.567370 0.025633 0.025316
7 0.658860 0.613783 0.011392 0.006751
7 0.663133 0.619690 0.010443 0.018565
7 0.616930 0.656821 0.025633 0.042194
1 0.690664 0.667510 0.045570 0.054008
1 0.737658 0.664979 0.021835 0.096202
1 0.806679 0.671677 0.112025 0.126582
6 0.960284 0.532489 0.020886 0.040506
6 0.938166 0.335812 0.027532 0.072574
6 0.925824 0.536656 0.025633 0.028692
7 0.958318 0.413140 0.032278 0.015190
7 0.965438 0.438095 0.044620 0.016878
7 0.946925 0.462929 0.039873 0.023629
6 0.587387 0.581917 0.015190 0.045570
6 0.605153 0.584689 0.015190 0.030380
7 0.417721 0.578541 0.032278 0.072574
1 0.424842 0.661917 0.023734 0.032453
6 0.028956 0.301941 0.016139 0.070548
6 0.005827 0.291983 0.011392 0.104641
