7 0.227130 0.433248 0.042892 0.020796
7 0.541993 0.380392 0.035093 0.019063
7 0.588784 0.413319 0.013647 0.012131
7 0.650197 0.362195 0.027295 0.017330
7 0.543943 0.459243 0.015597 0.020796
7 0.505438 0.458376 0.014622 0.012131
7 0.158406 0.440180 0.014622 0.013864
7 0.315350 0.497369 0.012673 0.024262
7 0.269047 0.476573 0.019496 0.013864
7 0.276358 0.496502 0.018521 0.015597
6 0.279770 0.417651 0.005849 0.034660
6 0.506378 0.369127 0.010653 0.034660
6 0.493253 0.370860 0.011698 0.041592
6 0.160843 0.474840 0.013647 0.041592
6 0.161331 0.511233 0.008773 0.017330
6 0.601944 0.457510 0.008773 0.020796
6 0.595608 0.460109 0.009748 0.019063
2 0.890573 0.443672 0.217210 0.887343
1 0.266123 0.565822 0.107229 0.126508
1 0.375301 0.552824 0.097481 0.131707
1 0.494228 0.528562 0.037043 0.048524
1 0.534195 0.517298 0.029244 0.036393
1 0.204222 0.573620 0.028269 0.069320
1 0.428428 0.538960 0.034118 0.062388
1 0.447924 0.523364 0.022421 0.045058
1 0.463521 0.522497 0.016572 0.025995
1 0.466933 0.504301 0.009748 0.013864
1 0.510312 0.502568 0.016572 0.027728
1 0.612667 0.538094 0.082859 0.119576
