1 0.155984 0.568052 0.052269 0.056104
2 0.185077 0.536494 0.057200 0.077143
1 0.226991 0.552273 0.024655 0.052597
1 0.252632 0.540877 0.024655 0.040325
1 0.275315 0.537370 0.018738 0.033312
1 0.296025 0.532987 0.018738 0.024545
1 0.340897 0.535617 0.021696 0.029805
1 0.385276 0.528604 0.011834 0.015779
1 0.446420 0.538831 0.031558 0.035065
1 0.429655 0.532695 0.013807 0.026299
1 0.420286 0.526266 0.006903 0.022792
1 0.409438 0.528020 0.008876 0.019286
1 0.397604 0.525390 0.008876 0.017532
7 0.725022 0.322305 0.032545 0.015779
7 0.706778 0.359123 0.025641 0.012273
6 0.693957 0.334578 0.017752 0.029805
6 0.722557 0.441818 0.013807 0.021039
6 0.701354 0.445325 0.006903 0.021039
7 0.497210 0.440649 0.016765 0.021039
7 0.498196 0.511948 0.006903 0.021039
1 0.940690 0.533761 0.115027 0.110911
