1 0.028267 0.597402 0.053814 0.072283
1 0.099421 0.588898 0.086102 0.051024
1 0.532923 0.550630 0.087298 0.119055
1 0.404367 0.594213 0.153071 0.210473
6 0.426491 0.447520 0.010763 0.023386
6 0.400780 0.460276 0.007175 0.023386
7 0.418718 0.443268 0.009567 0.019134
7 0.659087 0.340158 0.021526 0.042520
6 0.663272 0.400748 0.017938 0.074409
6 0.632778 0.270000 0.016742 0.072283
6 0.330224 0.306142 0.014350 0.059528
6 0.473130 0.323150 0.034680 0.025512
6 0.567005 0.332717 0.021526 0.023386
6 0.538902 0.446457 0.010763 0.051024
6 0.522160 0.411378 0.010763 0.027638
6 0.131112 0.445394 0.015546 0.036142
7 0.290162 0.426260 0.022721 0.057402
7 0.306306 0.372047 0.021526 0.038268
7 0.303915 0.310394 0.021526 0.034016
1 0.807374 0.490040 0.023917 0.019134
1 0.656097 0.511299 0.025113 0.031890
1 0.701540 0.503858 0.037072 0.029764
1 0.732035 0.497480 0.023917 0.021260
6 0.312286 0.500457 0.014350 0.055276
1 0.900652 0.467504 0.045443 0.070157
1 0.091648 0.581457 0.080123 0.040394
7 0.335007 0.397559 0.021526 0.038268
