6 0.770698 0.458668 0.011701 0.018721
6 0.744372 0.476349 0.010531 0.020801
6 0.670072 0.511711 0.011701 0.012481
6 0.933923 0.426426 0.008190 0.016641
6 0.210820 0.501310 0.012871 0.016641
6 0.603963 0.490909 0.010531 0.016641
1 0.961420 0.529392 0.037442 0.031202
3 0.778889 0.530432 0.056163 0.062404
1 0.790005 0.542913 0.047973 0.041602
1 0.854358 0.537712 0.064354 0.097766
1 0.731501 0.544993 0.036272 0.049923
1 0.631460 0.534592 0.023401 0.024961
3 0.909352 0.522111 0.062014 0.054083
1 0.685283 0.607396 0.131048 0.162250
1 0.570031 0.570994 0.111157 0.135208
6 0.308521 0.281857 0.023401 0.072804
7 0.132425 0.320339 0.022231 0.024961
