7 0.574678 0.185373 0.028775 0.082347
7 0.953663 0.050622 0.080710 0.097320
6 0.766978 0.270216 0.020353 0.034935
1 0.143804 0.504690 0.287046 0.422967
1 0.255394 0.391774 0.068077 0.109797
1 0.304171 0.382417 0.032284 0.111044
1 0.406988 0.376802 0.037197 0.059889
1 0.430500 0.359958 0.011229 0.033688
1 0.448747 0.363078 0.015440 0.019963
1 0.345228 0.389279 0.087728 0.129760
6 0.305575 0.288216 0.009826 0.017468
6 0.415761 0.290088 0.007018 0.016220
6 0.466293 0.301941 0.005615 0.012477
6 0.743163 0.274492 0.004913 0.022458
7 0.763866 0.170933 0.019651 0.014972
1 0.927111 0.369940 0.143172 0.163447
6 0.920795 0.134127 0.023862 0.063632
6 0.348456 0.323113 0.011931 0.016220
6 0.553389 0.026786 0.014738 0.052403
6 0.519351 0.025870 0.011229 0.051740
6 0.535493 0.023375 0.018247 0.046749
7 0.699018 0.108510 0.036495 0.046164
7 0.226339 0.270086 0.017546 0.017468
