6 0.115378 0.241706 0.077977 0.063981
6 0.376901 0.293957 0.075578 0.053318
6 0.592836 0.337677 0.061182 0.051185
6 0.569443 0.552014 0.014396 0.083175
6 0.014008 0.491232 0.023993 0.093839
1 0.218548 0.665047 0.032390 0.057583
1 0.183758 0.661848 0.049185 0.068246
1 0.336113 0.665047 0.039588 0.057583
1 0.348709 0.686374 0.035989 0.083175
1 0.379900 0.691706 0.064781 0.102370
7 0.384098 0.625592 0.013196 0.021327
1 0.270132 0.709834 0.125963 0.159953
1 0.481869 0.753554 0.201540 0.319905
1 0.039994 0.709834 0.079989 0.334834
7 0.959927 0.562677 0.034790 0.066114
7 0.962927 0.623459 0.026392 0.025592
1 0.931078 0.845260 0.137844 0.307109
3 0.931678 0.708767 0.136644 0.110900
