6 0.415848 0.280867 0.015497 0.044388
6 0.753779 0.384184 0.011193 0.030612
6 0.527344 0.401786 0.007749 0.016837
6 0.549729 0.386480 0.007749 0.016837
6 0.749905 0.339031 0.015497 0.032143
7 0.256999 0.340561 0.038744 0.062755
7 0.260013 0.391837 0.034439 0.039796
7 0.345249 0.340561 0.010332 0.026020
7 0.808881 0.355868 0.038744 0.068878
7 0.854513 0.325255 0.049075 0.041327
7 0.829975 0.280102 0.013776 0.042857
6 0.371508 0.402551 0.010332 0.019898
1 0.845903 0.497449 0.129145 0.114796
1 0.466015 0.622791 0.331013 0.461052
