7 0.293656 0.526133 0.034413 0.026511
1 0.487897 0.620959 0.020648 0.034668
1 0.475278 0.618920 0.020648 0.038746
1 0.468969 0.620959 0.021795 0.042825
1 0.458072 0.621979 0.022942 0.044864
1 0.437424 0.628097 0.048178 0.065257
1 0.407600 0.628097 0.045884 0.069335
1 0.528618 0.591390 0.010324 0.016314
1 0.538942 0.601586 0.010324 0.016314
1 0.544104 0.611782 0.011471 0.020393
1 0.548119 0.621979 0.010324 0.028550
1 0.556148 0.617900 0.012618 0.036707
1 0.563031 0.619940 0.014912 0.048943
1 0.588267 0.627077 0.051619 0.067296
1 0.518568 0.638730 0.058502 0.087689
1 0.376328 0.648926 0.058502 0.079532
7 0.638148 0.517912 0.014912 0.022432
6 0.638722 0.561756 0.013765 0.028550
1 0.661872 0.608141 0.045884 0.063218
1 0.705462 0.617318 0.045884 0.044864
1 0.771419 0.597945 0.092914 0.091767
1 0.863187 0.595905 0.076855 0.083610
7 0.976175 0.034668 0.042442 0.069335
7 0.961263 0.206986 0.074561 0.193731
1 0.932650 0.585421 0.069973 0.095846
