6 0.368779 0.275412 0.012871 0.034953
6 0.434524 0.260039 0.010729 0.036028
6 0.392181 0.335940 0.015211 0.022881
6 0.436058 0.345301 0.011701 0.016641
6 0.414412 0.349461 0.010531 0.016641
6 0.436058 0.370262 0.014041 0.016641
6 0.422603 0.368182 0.012871 0.012481
1 0.319051 0.386903 0.028082 0.041602
1 0.285119 0.377543 0.028082 0.031202
1 0.259963 0.378583 0.017551 0.024961
1 0.231296 0.372342 0.030422 0.029122
1 0.381650 0.397304 0.033932 0.066564
1 0.405051 0.382743 0.015211 0.024961
1 0.418507 0.386903 0.014041 0.024961
1 0.431963 0.391063 0.015211 0.020801
1 0.439569 0.391063 0.014041 0.020801
1 0.355909 0.412905 0.071374 0.101926
1 0.167527 0.374422 0.052653 0.058243
1 0.111364 0.366102 0.059674 0.058243
1 0.050124 0.361942 0.100248 0.074884
6 0.445730 0.261099 0.010729 0.038148
6 0.358706 0.273815 0.008345 0.038148
