7 0.323232 0.461788 0.014041 0.018721
7 0.345463 0.451387 0.025742 0.018721
7 0.367110 0.463868 0.012871 0.018721
7 0.393436 0.454507 0.025742 0.024961
7 0.409817 0.465948 0.014041 0.018721
7 0.433804 0.453467 0.026912 0.014561
7 0.477681 0.455547 0.023401 0.014561
7 0.452525 0.465948 0.012871 0.018721
7 0.494647 0.470108 0.015211 0.014561
7 0.518049 0.461788 0.024571 0.022881
7 0.537355 0.472188 0.016381 0.014561
7 0.577137 0.476349 0.016381 0.014561
7 0.643831 0.469068 0.025742 0.020801
7 0.364184 0.489869 0.007020 0.024961
7 0.319722 0.491950 0.009361 0.020801
7 0.407477 0.492990 0.009361 0.018721
7 0.439069 0.492990 0.004680 0.018721
7 0.449599 0.490909 0.007020 0.018721
7 0.476511 0.495070 0.009361 0.018721
7 0.491722 0.496110 0.009361 0.016641
7 0.513953 0.497150 0.009361 0.018721
7 0.551396 0.500270 0.011701 0.020801
7 0.704090 0.524191 0.026912 0.043683
7 0.882525 0.500270 0.028082 0.049923
7 0.923478 0.507550 0.030422 0.039522
7 0.981630 0.515871 0.036740 0.068644
7 0.276429 0.475309 0.009361 0.020801
7 0.272919 0.491950 0.011701 0.024961
7 0.027789 0.423305 0.047973 0.091525
7 0.155327 0.457627 0.024571 0.060324
6 0.090388 0.249615 0.014041 0.068644
6 0.240157 0.270416 0.014041 0.056163
6 0.381735 0.284977 0.016381 0.064484
6 0.529164 0.294338 0.011701 0.037442
6 0.718716 0.319299 0.009361 0.033282
6 0.835138 0.350501 0.017551 0.062404
6 0.948634 0.347381 0.010531 0.027042
1 0.723981 0.531472 0.015211 0.029122
1 0.744457 0.538752 0.035102 0.027042
1 0.776634 0.541872 0.052653 0.037442
1 0.834553 0.546033 0.049143 0.033282
1 0.339028 0.522111 0.015211 0.014561
1 0.323817 0.527312 0.015211 0.016641
1 0.351899 0.520031 0.017551 0.018721
1 0.433218 0.537712 0.049143 0.037442
1 0.871410 0.574114 0.125198 0.076965
1 0.972855 0.582435 0.054291 0.068644
6 0.295735 0.496110 0.005850 0.020801
6 0.375885 0.502350 0.007020 0.020801
6 0.390511 0.504430 0.005850 0.020801
