7 0.498243 0.123307 0.175792 0.136063
6 0.706922 0.188150 0.011959 0.061654
6 0.715293 0.183898 0.009567 0.053150
6 0.328430 0.294449 0.017938 0.040394
7 0.381646 0.244488 0.016742 0.034016
7 0.378656 0.311457 0.025113 0.065906
7 0.375069 0.352913 0.025113 0.021260
7 0.349955 0.416693 0.025113 0.046772
7 0.480903 0.351850 0.007175 0.023386
1 0.532759 0.452835 0.022721 0.042520
1 0.576408 0.462402 0.102845 0.104173
6 0.811754 0.408189 0.021526 0.034016
7 0.814146 0.338032 0.023917 0.012756
7 0.795012 0.368858 0.014350 0.014882
1 0.953464 0.543189 0.089690 0.099921
7 0.365680 0.053728 0.049433 0.107455
