6 0.362329 0.098307 0.013199 0.087601
6 0.291055 0.365022 0.007919 0.032851
6 0.339011 0.374408 0.008799 0.017207
6 0.348690 0.399437 0.007039 0.017207
6 0.384327 0.106911 0.018478 0.079780
6 0.535674 0.318093 0.014959 0.032851
6 0.553273 0.321221 0.013199 0.032851
6 0.004080 0.338429 0.008159 0.026593
7 0.460881 0.146801 0.071274 0.031286
7 0.537874 0.183562 0.019358 0.020336
7 0.525115 0.258649 0.030797 0.026593
7 0.360569 0.367369 0.013199 0.006257
1 0.318773 0.436980 0.033437 0.057879
1 0.280936 0.432287 0.038717 0.054751
1 0.252778 0.442456 0.022878 0.056315
1 0.217581 0.450277 0.051036 0.071958
1 0.189424 0.448713 0.028158 0.062572
1 0.163906 0.453406 0.035197 0.056315
2 0.103191 0.441673 0.100311 0.129838
1 0.363209 0.440109 0.032557 0.048494
1 0.346050 0.427595 0.012319 0.026593
1 0.386527 0.436980 0.012319 0.039108
1 0.398406 0.444020 0.025518 0.059444
1 0.431403 0.453406 0.059835 0.068830
6 0.940830 0.015469 0.032959 0.028125
