6 0.552573 0.220781 0.013184 0.065625
6 0.669907 0.429375 0.021094 0.032812
6 0.535435 0.221953 0.015820 0.072656
6 0.569712 0.219609 0.015820 0.067969
6 0.008660 0.394218 0.017320 0.037500
7 0.696934 0.361406 0.025049 0.037500
7 0.712754 0.323906 0.030322 0.023437
6 0.472154 0.486797 0.007910 0.021094
6 0.520274 0.486797 0.009229 0.025781
1 0.522251 0.525468 0.013184 0.018750
1 0.513682 0.525468 0.011865 0.023437
1 0.482700 0.528984 0.021094 0.030469
1 0.502476 0.526640 0.021094 0.035156
1 0.538072 0.526640 0.026367 0.044531
1 0.420078 0.553593 0.106787 0.178125
1 0.296153 0.531328 0.077783 0.096094
2 0.387119 0.495000 0.072510 0.121875
1 0.142564 0.562968 0.174023 0.140625
1 0.907212 0.553593 0.184570 0.121875
