7 0.217648 0.316240 0.057402 0.102047
7 0.223029 0.528839 0.034680 0.044646
7 0.535150 0.429980 0.015546 0.017008
7 0.472965 0.404469 0.010763 0.012756
7 0.740839 0.394902 0.015546 0.027638
7 0.814207 0.358025 0.023562 0.030420
6 0.517212 0.113209 0.020330 0.055276
6 0.513625 0.387461 0.010763 0.021260
6 0.578799 0.388524 0.009567 0.010630
6 0.636799 0.393839 0.010763 0.008504
6 0.627531 0.408721 0.008371 0.017008
1 0.571325 0.445925 0.015546 0.019134
1 0.626036 0.443799 0.013155 0.019134
1 0.611088 0.442736 0.011959 0.012756
1 0.599129 0.444862 0.019134 0.012756
1 0.586573 0.444862 0.010763 0.021260
1 0.665500 0.446988 0.015546 0.021260
1 0.729479 0.465059 0.055010 0.053150
1 0.544717 0.459744 0.034680 0.046772
1 0.481934 0.481004 0.090886 0.144567
1 0.765355 0.501201 0.114803 0.108425
1 0.645170 0.456024 0.026309 0.042520
