7 0.737961 0.281360 0.025409 0.026497
7 0.730618 0.201656 0.038018 0.091373
7 0.016572 0.175899 0.033143 0.129974
6 0.509337 0.336200 0.008773 0.017330
6 0.495202 0.356996 0.005849 0.013864
1 0.484967 0.412452 0.016572 0.027728
1 0.465958 0.441046 0.038992 0.081451
1 0.441588 0.449711 0.044841 0.077985
1 0.551741 0.420250 0.023395 0.057189
1 0.599507 0.442779 0.040942 0.112644
1 0.302190 0.482638 0.077985 0.133440
1 0.220794 0.513832 0.172541 0.161168
1 0.384562 0.487837 0.114053 0.161168
1 0.518110 0.454044 0.077010 0.110911
1 0.677979 0.450578 0.156944 0.201027
1 0.078959 0.586618 0.157919 0.344865
