7 0.209774 0.319119 0.019358 0.059444
7 0.254210 0.347277 0.011439 0.025029
7 0.568343 0.327723 0.014959 0.048494
7 0.455361 0.394988 0.013199 0.029722
7 0.337891 0.398117 0.010559 0.023465
1 0.383999 0.442700 0.014079 0.018772
1 0.365081 0.438789 0.009679 0.014079
1 0.352762 0.436443 0.016719 0.021900
1 0.340443 0.431750 0.018478 0.046929
1 0.326364 0.434878 0.025518 0.056315
1 0.321085 0.441136 0.032557 0.062572
1 0.305686 0.446611 0.024638 0.064137
1 0.273569 0.446611 0.069514 0.095423
1 0.248491 0.460689 0.080953 0.104809
1 0.166218 0.476333 0.150467 0.157995
1 0.406525 0.437616 0.029917 0.037543
1 0.437323 0.437616 0.026398 0.040672
1 0.454921 0.441527 0.021118 0.051622
1 0.465040 0.445437 0.023758 0.059444
1 0.472080 0.449348 0.018478 0.073523
1 0.493198 0.450913 0.044876 0.073523
1 0.503317 0.456388 0.038717 0.068830
1 0.538074 0.466556 0.076553 0.089166
1 0.705062 0.511060 0.194419 0.198667
1 0.878385 0.604606 0.240219 0.375435
7 0.837471 0.303515 0.027558 0.197329
