7 0.112242 0.824296 0.023730 0.049219
7 0.559165 0.777421 0.018457 0.035156
7 0.467539 0.838359 0.009229 0.021094
7 0.455674 0.851249 0.009229 0.018750
1 0.228257 0.908671 0.039551 0.067969
1 0.193321 0.919218 0.051416 0.065625
1 0.347569 0.886406 0.009229 0.018750
1 0.435240 0.878203 0.010547 0.021094
1 0.478086 0.893437 0.017139 0.046875
1 0.318565 0.900468 0.046143 0.065625
1 0.400303 0.895781 0.032959 0.056250
1 0.366685 0.881718 0.015820 0.023437
1 0.445127 0.885234 0.019775 0.025781
1 0.507749 0.892265 0.055371 0.082031
1 0.123448 0.923906 0.098877 0.098437
1 0.825474 0.912187 0.305859 0.173437
