1 0.262401 0.559494 0.086044 0.140827
1 0.459074 0.609269 0.088776 0.080126
1 0.528331 0.599731 0.034145 0.053417
1 0.565890 0.616727 0.057363 0.072842
1 0.578182 0.614299 0.040974 0.067986
1 0.634179 0.602159 0.068289 0.033993
1 0.698371 0.645864 0.090142 0.106835
1 0.732515 0.643436 0.060094 0.092266
1 0.815145 0.670630 0.192575 0.146655
1 0.952497 0.710364 0.090142 0.130316
1 0.121725 0.602159 0.241744 0.446763
1 0.040035 0.845485 0.080069 0.293795
7 0.437904 0.539550 0.013658 0.023240
7 0.425100 0.508678 0.016389 0.014568
7 0.237510 0.461817 0.017755 0.043705
