6 0.317246 0.530156 0.014502 0.028125
6 0.429966 0.431718 0.010547 0.028125
6 0.505113 0.397734 0.010547 0.025781
6 0.574986 0.424687 0.013184 0.018750
6 0.489292 0.473906 0.007910 0.018750
6 0.474790 0.480937 0.007910 0.018750
7 0.615195 0.450468 0.014502 0.023437
7 0.611240 0.420000 0.014502 0.023437
1 0.505022 0.506986 0.013365 0.028661
1 0.826792 0.466875 0.297949 0.248437
1 0.248692 0.648515 0.072510 0.119531
1 0.155657 0.702689 0.155748 0.199754
1 0.485815 0.509598 0.011865 0.023437
1 0.471313 0.516629 0.011865 0.018750
1 0.444468 0.526640 0.015820 0.030469
1 0.051507 0.823124 0.103013 0.285937
1 0.973259 0.524642 0.052476 0.264153
