7 0.517324 0.547265 0.018457 0.030469
7 0.488979 0.486328 0.014502 0.035156
7 0.488979 0.515625 0.014502 0.018750
7 0.729052 0.571875 0.018457 0.046875
7 0.749487 0.571875 0.014502 0.028125
7 0.748168 0.600000 0.011865 0.023437
6 0.554633 0.528281 0.006592 0.018750
1 0.517851 0.609375 0.044824 0.084375
1 0.484892 0.561328 0.023730 0.021094
1 0.467490 0.612890 0.073828 0.096094
1 0.347387 0.625781 0.143701 0.145312
1 0.105469 0.626562 0.208301 0.328125
7 0.849682 0.571484 0.019775 0.039844
1 0.628616 0.705567 0.234977 0.392265
