1 0.107641 0.560708 0.215282 0.230666
1 0.237134 0.459944 0.054631 0.067986
1 0.373030 0.493937 0.086044 0.101978
1 0.509608 0.489081 0.066923 0.097122
1 0.429027 0.473298 0.055997 0.060701
1 0.457025 0.469656 0.032779 0.038849
1 0.271279 0.440519 0.016389 0.029137
1 0.145627 0.436877 0.035510 0.036421
6 0.164748 0.372881 0.008195 0.038849
6 0.251475 0.377737 0.009560 0.024281
6 0.267181 0.388663 0.010926 0.026709
6 0.153138 0.377737 0.009560 0.029137
6 0.307472 0.389877 0.009560 0.019424
7 0.280156 0.382246 0.015024 0.019424
7 0.430392 0.411383 0.017755 0.043705
7 0.566971 0.406527 0.023218 0.029137
