7 0.192857 0.075765 0.103316 0.045918
7 0.152392 0.113265 0.034439 0.044388
6 0.262400 0.055461 0.011662 0.054385
6 0.252264 0.053571 0.010332 0.052041
6 0.278093 0.058163 0.018941 0.061225
6 0.646707 0.015306 0.017219 0.030612
6 0.666079 0.016071 0.019802 0.029082
6 0.627765 0.015306 0.022385 0.030612
7 0.473533 0.355102 0.010332 0.018367
7 0.474107 0.367857 0.008036 0.010204
7 0.511416 0.257908 0.010332 0.038265
1 0.016741 0.361506 0.033482 0.117857
1 0.501371 0.423470 0.046492 0.067347
1 0.409248 0.377551 0.005166 0.018367
1 0.404082 0.377551 0.005166 0.027551
1 0.399777 0.379847 0.005166 0.035204
1 0.386432 0.380612 0.024968 0.042857
1 0.389015 0.388265 0.009471 0.033673
1 0.381266 0.389031 0.011193 0.041327
1 0.372656 0.385970 0.014636 0.050510
1 0.364477 0.388265 0.020663 0.055102
1 0.351563 0.393623 0.027551 0.071939
1 0.464350 0.392092 0.017219 0.035204
7 0.465641 0.404337 0.011193 0.044388
7 0.474251 0.405868 0.016358 0.056633
1 0.491901 0.412755 0.044770 0.073469
1 0.429337 0.413521 0.065434 0.108674
1 0.859583 0.475367 0.148948 0.113265
7 0.952950 0.137867 0.074904 0.081122
6 0.972752 0.255129 0.035300 0.073469
1 0.881653 0.628376 0.232462 0.423980
3 0.283298 0.325207 0.119675 0.293878
7 0.110635 0.214286 0.016358 0.018367
7 0.114509 0.241072 0.015497 0.016837
6 0.087388 0.254082 0.018080 0.024490
