6 0.333134 0.063848 0.012915 0.055102
6 0.464432 0.181706 0.017219 0.058163
6 0.830282 0.067675 0.021524 0.102551
6 0.426549 0.347230 0.003444 0.015306
6 0.412343 0.348761 0.002583 0.012245
7 0.908200 0.290051 0.032717 0.071939
6 0.940056 0.335204 0.015497 0.039796
7 0.470643 0.364286 0.007749 0.018367
1 0.400351 0.385714 0.018941 0.022959
1 0.348693 0.383419 0.012054 0.018367
1 0.313393 0.385714 0.018941 0.029082
1 0.246668 0.403317 0.016358 0.042857
1 0.092985 0.386480 0.043048 0.055102
1 0.046923 0.390306 0.043909 0.059694
1 0.012484 0.388776 0.024968 0.056633
1 0.530357 0.430868 0.077487 0.091837
1 0.418862 0.393368 0.021524 0.032143
1 0.368065 0.389541 0.018080 0.027551
1 0.333195 0.380357 0.013776 0.021429
1 0.283690 0.414031 0.059407 0.076531
1 0.212122 0.380837 0.047329 0.075571
1 0.140769 0.405612 0.083514 0.081122
1 0.855681 0.420481 0.074043 0.082653
7 0.464546 0.248456 0.041019 0.065443
1 0.439304 0.388691 0.015776 0.020568
