6 0.651867 0.140292 0.018180 0.084530
6 0.749760 0.448579 0.018180 0.034807
6 0.456079 0.500789 0.006992 0.029834
6 0.467967 0.548027 0.005594 0.024862
6 0.483350 0.543054 0.011188 0.019890
6 0.457478 0.541811 0.009789 0.022376
6 0.733678 0.450888 0.019579 0.042265
6 0.678477 0.142976 0.019775 0.086265
6 0.114151 0.476993 0.022376 0.034807
6 0.133030 0.478236 0.012586 0.032320
1 0.450486 0.571646 0.015383 0.022376
1 0.436501 0.575375 0.018180 0.029834
1 0.359584 0.581590 0.048947 0.077072
1 0.336509 0.597751 0.027970 0.064641
1 0.280570 0.597751 0.103488 0.124309
1 0.483350 0.571646 0.016782 0.022376
1 0.465869 0.572889 0.015383 0.024862
1 0.502229 0.574132 0.018180 0.022376
1 0.520410 0.569159 0.009789 0.042265
1 0.530199 0.572889 0.018180 0.044751
1 0.545793 0.579104 0.023353 0.047238
1 0.561665 0.587806 0.022376 0.054696
1 0.586837 0.594021 0.039157 0.077072
1 0.630890 0.603966 0.085307 0.101934
7 0.718994 0.405071 0.034962 0.022376
7 0.735076 0.355347 0.027970 0.022376
7 0.714099 0.249684 0.039157 0.094475
