1 0.492536 0.473125 0.010926 0.019424
1 0.502779 0.473125 0.015024 0.024281
1 0.511657 0.475553 0.016389 0.024281
1 0.474780 0.482837 0.024584 0.038849
1 0.528046 0.485265 0.027316 0.048561
1 0.551947 0.470697 0.023218 0.024281
6 0.541021 0.453700 0.009560 0.019424
6 0.523266 0.436704 0.009560 0.019424
6 0.497999 0.402711 0.010926 0.014568
6 0.493219 0.436704 0.009560 0.019424
6 0.500047 0.452486 0.006829 0.021853
6 0.483658 0.450058 0.009560 0.026709
6 0.459757 0.437918 0.010926 0.026709
7 0.479561 0.400283 0.012292 0.019424
7 0.457025 0.402711 0.013658 0.019424
6 0.428344 0.417279 0.010926 0.029137
6 0.383956 0.418493 0.012292 0.026709
1 0.356640 0.596956 0.279986 0.339928
6 0.196844 0.445202 0.012292 0.021853
7 0.386687 0.281308 0.012292 0.019424
7 0.385322 0.299518 0.012292 0.026709
7 0.389419 0.326227 0.009560 0.021853
7 0.383956 0.373574 0.015024 0.024281
6 0.672819 0.440346 0.013658 0.026709
7 0.606986 0.442026 0.029837 0.029122
