7 0.658817 0.426540 0.039588 0.076777
7 0.480670 0.494786 0.007198 0.017062
6 0.508262 0.484123 0.009597 0.021327
1 0.463875 0.503317 0.011996 0.012796
1 0.419488 0.512914 0.016795 0.027725
1 0.444081 0.501185 0.008398 0.021327
1 0.472872 0.517180 0.010797 0.023460
1 0.491467 0.503317 0.014396 0.034123
1 0.498065 0.519312 0.022793 0.027725
1 0.454877 0.520379 0.034790 0.051185
1 0.408091 0.525711 0.025193 0.031990
1 0.399694 0.538507 0.027592 0.044787
1 0.375101 0.560900 0.040788 0.081043
1 0.350508 0.570497 0.029991 0.091706
1 0.286327 0.573696 0.122364 0.157820
1 0.525057 0.543839 0.047986 0.063981
1 0.545451 0.560900 0.045586 0.046919
1 0.580840 0.567298 0.056383 0.115166
1 0.649820 0.586493 0.151155 0.174881
1 0.840505 0.713388 0.318990 0.475592
