1 0.458816 0.502850 0.017050 0.023316
1 0.445045 0.515674 0.013115 0.025648
1 0.432586 0.516839 0.019673 0.032642
1 0.418815 0.519171 0.020984 0.037306
1 0.405699 0.521503 0.026231 0.041969
1 0.382092 0.519171 0.036723 0.046632
1 0.514775 0.505959 0.006558 0.018653
1 0.522867 0.505792 0.012249 0.025648
1 0.542973 0.518782 0.015738 0.030311
1 0.558055 0.521114 0.017050 0.039637
1 0.573138 0.526943 0.028854 0.041969
1 0.591499 0.537435 0.032788 0.048964
1 0.611828 0.538601 0.026231 0.065285
1 0.627566 0.540933 0.041969 0.065285
1 0.649207 0.551425 0.056396 0.076943
1 0.711504 0.557254 0.112791 0.121244
1 0.839378 0.574741 0.211156 0.198187
1 0.360670 0.533938 0.048527 0.051295
1 0.950202 0.640026 0.094430 0.221503
1 0.057426 0.528942 0.111480 0.102591
1 0.504938 0.494301 0.011804 0.023316
