7 0.619978 0.476573 0.017547 0.038126
6 0.483017 0.483505 0.008773 0.017330
6 0.536144 0.485238 0.007798 0.020796
1 0.516161 0.531162 0.018521 0.029461
1 0.532732 0.523364 0.010723 0.020796
1 0.543943 0.525963 0.015597 0.022529
1 0.565389 0.533761 0.027295 0.034660
1 0.591221 0.536361 0.018521 0.043325
1 0.612179 0.537227 0.038992 0.069320
1 0.646298 0.552824 0.068237 0.100514
1 0.700887 0.567555 0.099430 0.116110
1 0.446462 0.542426 0.050690 0.072786
1 0.414781 0.537227 0.016572 0.048524
1 0.401621 0.541560 0.019496 0.046791
1 0.388461 0.546759 0.028269 0.050257
1 0.363603 0.545026 0.029244 0.064121
1 0.289518 0.558023 0.130624 0.187163
1 0.226643 0.563222 0.049715 0.103980
1 0.136473 0.579686 0.136473 0.140372
2 0.030219 0.602215 0.060438 0.216624
6 0.971811 0.314297 0.034277 0.063281
