1 0.061721 0.495070 0.026912 0.122727
1 0.337273 0.430586 0.028082 0.052003
1 0.239572 0.451387 0.080735 0.081125
1 0.281109 0.489869 0.117007 0.137288
1 0.143041 0.489869 0.166150 0.153929
1 0.676008 0.428506 0.028082 0.060324
1 0.699994 0.433706 0.057333 0.112327
1 0.886036 0.401464 0.064354 0.047843
1 0.868485 0.450347 0.092436 0.128968
1 0.926988 0.395224 0.019891 0.043683
1 0.955070 0.410825 0.087755 0.170570
1 0.943954 0.570994 0.109987 0.262096
1 0.018604 0.581187 0.036272 0.178891
1 0.493653 0.560386 0.415375 0.549153
