6 0.110359 0.422031 0.010213 0.043002
6 0.306421 0.444451 0.007756 0.034199
7 0.346552 0.444225 0.036643 0.020791
1 0.242860 0.606391 0.075626 0.101181
1 0.010135 0.621637 0.015593 0.076232
1 0.854881 0.713809 0.289248 0.565503
1 0.316003 0.565226 0.022896 0.050452
2 0.274435 0.558573 0.046779 0.099795
2 0.349697 0.550609 0.044492 0.096317
2 0.137607 0.575898 0.080303 0.098409
1 0.072117 0.598768 0.038203 0.036037
1 0.196081 0.580749 0.036643 0.030493
6 0.122506 0.420199 0.010058 0.050066
6 0.013880 0.464901 0.012070 0.053642
6 0.026955 0.462219 0.012070 0.048278
6 0.039025 0.542682 0.014081 0.026821
7 0.501690 0.468477 0.020116 0.032185
1 0.379486 0.562351 0.015087 0.044702
