6 0.374045 0.562674 0.009361 0.022881
6 0.436058 0.566834 0.007020 0.018721
6 0.467650 0.595956 0.009361 0.014561
7 0.084452 0.516911 0.019891 0.052003
7 0.352398 0.588675 0.008190 0.020801
7 0.322562 0.578275 0.009361 0.012481
7 0.490467 0.552273 0.010531 0.027042
7 0.337772 0.583475 0.011701 0.014561
7 0.323732 0.530432 0.007020 0.029122
2 0.440154 0.611557 0.033932 0.058243
1 0.454194 0.629238 0.019891 0.027042
1 0.467650 0.634438 0.028082 0.037442
1 0.473501 0.635478 0.025742 0.031202
1 0.418507 0.606356 0.011701 0.010401
1 0.408562 0.612597 0.015211 0.022881
1 0.361759 0.627158 0.017551 0.031202
1 0.378725 0.616757 0.014041 0.031202
1 0.392766 0.611557 0.014041 0.024961
1 0.345378 0.632358 0.024571 0.033282
1 0.505092 0.651079 0.056163 0.062404
1 0.682358 0.712443 0.228164 0.239214
1 0.900576 0.746765 0.196572 0.503390
1 0.328412 0.641718 0.011701 0.022881
