6 0.367348 0.444375 0.013711 0.056250
6 0.338976 0.325312 0.010547 0.039375
6 0.350578 0.390937 0.016875 0.020625
6 0.791437 0.350625 0.010547 0.037500
6 0.800402 0.398437 0.013711 0.024375
6 0.279492 0.318750 0.024258 0.037500
6 0.306914 0.325312 0.013711 0.039375
6 0.783896 0.351562 0.007383 0.035625
1 0.192902 0.426562 0.102305 0.050625
1 0.188684 0.443437 0.072773 0.058125
1 0.288984 0.520312 0.202500 0.211875
1 0.591363 0.456562 0.007383 0.020625
1 0.599273 0.456562 0.012656 0.024375
1 0.564890 0.452812 0.009703 0.020625
1 0.527555 0.457500 0.018984 0.030000
1 0.512789 0.458437 0.023203 0.046875
1 0.652535 0.460312 0.015820 0.039375
1 0.659390 0.461250 0.014766 0.037500
1 0.675738 0.457500 0.039023 0.056250
1 0.557402 0.456562 0.007383 0.020625
2 0.548262 0.438125 0.017930 0.030000
2 0.531387 0.439062 0.015820 0.028125
1 0.612510 0.456094 0.024258 0.033750
1 0.579287 0.457969 0.025312 0.033750
1 0.548174 0.460781 0.015820 0.024375
1 0.121022 0.613066 0.241523 0.500625
7 0.318516 0.360000 0.033750 0.022500
7 0.713390 0.364687 0.016875 0.035625
7 0.658019 0.403125 0.011602 0.026250
7 0.646418 0.400312 0.015820 0.043125
1 0.489902 0.458437 0.041133 0.069375
1 0.695777 0.465937 0.045352 0.054375
