6 0.346057 0.500835 0.005849 0.024262
6 0.414293 0.512099 0.005849 0.019063
6 0.421604 0.532028 0.004874 0.013864
6 0.386511 0.530295 0.010723 0.013864
7 0.610230 0.419384 0.023395 0.013864
1 0.647760 0.630809 0.229080 0.242619
1 0.537607 0.615212 0.051665 0.121309
1 0.529321 0.597016 0.081884 0.129974
1 0.491791 0.595283 0.018521 0.074519
1 0.484967 0.583152 0.041917 0.077985
1 0.465471 0.584885 0.020471 0.043325
1 0.455723 0.570154 0.016572 0.038126
1 0.445975 0.562356 0.008773 0.036393
1 0.438664 0.564955 0.009748 0.024262
1 0.432327 0.562356 0.006824 0.019063
1 0.032656 0.629076 0.063363 0.142105
1 0.137935 0.603081 0.110153 0.114377
1 0.197399 0.598749 0.032169 0.067587
1 0.239803 0.595283 0.046791 0.064121
1 0.269047 0.591817 0.027295 0.053723
1 0.293905 0.587484 0.026320 0.045058
1 0.312913 0.585751 0.013647 0.041592
1 0.356292 0.571887 0.018521 0.027728
1 0.374814 0.569288 0.018521 0.025995
1 0.399671 0.567555 0.023395 0.022529
1 0.419167 0.567555 0.007798 0.019063
7 0.857109 0.377809 0.021952 0.013829
1 0.327048 0.578819 0.012673 0.038126
1 0.340695 0.578819 0.010723 0.038126
