6 0.165059 0.273750 0.013711 0.045000
6 0.606972 0.203437 0.011602 0.039375
6 0.029004 0.380625 0.017930 0.030000
6 0.427676 0.270937 0.009492 0.058125
6 0.848496 0.277500 0.011602 0.026250
6 0.446133 0.360000 0.010547 0.022500
6 0.435586 0.361875 0.008437 0.018750
1 0.846914 0.366562 0.082266 0.080625
1 0.767285 0.364687 0.087539 0.076875
1 0.682383 0.385312 0.103359 0.069375
1 0.529453 0.417187 0.029531 0.039375
1 0.569004 0.401719 0.058008 0.081562
1 0.600117 0.409687 0.080156 0.084375
1 0.349629 0.434062 0.017930 0.018750
1 0.231504 0.439687 0.015820 0.022500
1 0.245742 0.443437 0.016875 0.026250
1 0.218848 0.438750 0.013711 0.031875
1 0.199336 0.433750 0.040078 0.048750
1 0.298094 0.408187 0.072773 0.118125
1 0.423602 0.478500 0.150820 0.210000
1 0.701367 0.356250 0.044297 0.028125
1 0.170859 0.439687 0.021094 0.043125
1 0.953099 0.413342 0.088379 0.083898
