1 0.349553 0.443571 0.022730 0.042245
1 0.377449 0.438061 0.020663 0.038571
1 0.526913 0.447245 0.035128 0.051429
3 0.457771 0.424109 0.032902 0.041892
1 0.429358 0.439104 0.020162 0.034534
3 0.409206 0.409723 0.052691 0.038571
1 0.402229 0.438922 0.032028 0.042245
1 0.298396 0.442596 0.082653 0.090000
1 0.139289 0.479330 0.142577 0.130408
3 0.094003 0.397518 0.186316 0.290049
7 0.056120 0.411371 0.042360 0.075306
6 0.819298 0.221326 0.032028 0.071633
6 0.031511 0.173571 0.043393 0.170816
6 0.085236 0.208469 0.037194 0.115714
7 0.727069 0.226766 0.032187 0.038148
7 0.726472 0.269152 0.033379 0.050863
7 0.726472 0.318956 0.040532 0.052983
