1 0.319346 0.412055 0.014738 0.022361
1 0.303117 0.425625 0.010969 0.016500
1 0.294176 0.424721 0.009962 0.029692
1 0.282163 0.434655 0.030314 0.049561
1 0.385798 0.460660 0.015284 0.083014
1 0.373992 0.439875 0.021094 0.036000
1 0.412402 0.462439 0.045525 0.063127
1 0.499985 0.519596 0.080452 0.177442
1 0.332107 0.412349 0.010785 0.019052
1 0.135730 0.475775 0.064775 0.089801
1 0.099898 0.490010 0.062005 0.091270
1 0.038391 0.489375 0.076781 0.135000
1 0.863578 0.552750 0.270844 0.874500
1 0.663609 0.552750 0.323156 0.415500
1 0.258662 0.469264 0.062005 0.068528
7 0.511734 0.306643 0.032906 0.060000
7 0.550969 0.271393 0.027000 0.049500
7 0.036703 0.368893 0.024469 0.016500
6 0.198281 0.404893 0.008437 0.019500
6 0.264937 0.347143 0.013500 0.030000
6 0.345516 0.374143 0.012656 0.024000
7 0.180576 0.386221 0.014350 0.012756
7 0.203895 0.385158 0.010763 0.010630
7 0.171607 0.412795 0.010763 0.019134
7 0.394636 0.388347 0.014350 0.008504
1 0.358713 0.430176 0.015616 0.027490
