6 0.054102 0.488704 0.018521 0.027728
6 0.190575 0.520764 0.010723 0.015597
6 0.560027 0.487837 0.024370 0.029461
6 0.380175 0.386457 0.007798 0.038126
6 0.296342 0.396855 0.011698 0.045058
6 0.304140 0.394256 0.009748 0.039859
6 0.289518 0.401188 0.007798 0.036393
6 0.373351 0.391656 0.007798 0.041592
6 0.390411 0.387324 0.010723 0.043325
7 0.192525 0.473973 0.016572 0.012131
7 0.557590 0.417651 0.021446 0.017330
7 0.539556 0.441046 0.016572 0.015597
2 0.274408 0.556290 0.047766 0.079718
1 0.380175 0.638607 0.210558 0.285944
1 0.828099 0.668068 0.342158 0.279012
