7 0.784109 0.322242 0.031329 0.059072
6 0.326582 0.441591 0.005696 0.021941
6 0.423892 0.442314 0.008544 0.028692
6 0.497468 0.435563 0.007595 0.025316
6 0.552057 0.421217 0.006646 0.027004
6 0.585285 0.423749 0.006646 0.018565
6 0.602848 0.455817 0.005696 0.018565
6 0.575791 0.451597 0.006646 0.016878
6 0.320411 0.445208 0.008544 0.025316
1 0.018987 0.599493 0.037975 0.108692
1 0.726740 0.482531 0.071203 0.055696
1 0.685443 0.473249 0.058861 0.054008
1 0.632278 0.488439 0.030380 0.047257
1 0.523955 0.513080 0.029430 0.060759
1 0.512563 0.497890 0.018038 0.030380
1 0.481709 0.517299 0.026582 0.055696
1 0.456645 0.521519 0.043671 0.074262
1 0.494905 0.504641 0.018038 0.040506
1 0.579493 0.491139 0.041772 0.030380
1 0.413449 0.500422 0.019937 0.025316
1 0.407278 0.519831 0.036076 0.037131
1 0.262025 0.691814 0.332278 0.443882
1 0.574462 0.566920 0.090190 0.143460
1 0.076899 0.561856 0.081646 0.086076
1 0.549792 0.492170 0.013647 0.020796
7 0.104304 0.417651 0.037043 0.065854
