0 0.187817 0.354825 0.028847 0.058214
0 0.431924 0.344430 0.014034 0.018018
0 0.445567 0.352746 0.019491 0.034651
0 0.419059 0.343044 0.014813 0.018018
0 0.403467 0.347202 0.022610 0.031879
0 0.346552 0.357597 0.047558 0.052669
0 0.247514 0.355980 0.095424 0.120585
0 0.485459 0.389984 0.088880 0.121879
0 0.533433 0.363973 0.023389 0.063758
0 0.625432 0.356350 0.014034 0.020791
0 0.576314 0.377834 0.081083 0.110883
0 0.799656 0.446535 0.344603 0.385780
0 0.375711 0.341831 0.027288 0.043314
4 0.519244 0.300423 0.006237 0.009702
4 0.546531 0.304582 0.006237 0.009702
4 0.570311 0.301809 0.005458 0.012474
3 0.513007 0.280326 0.009356 0.013860
3 0.477923 0.310819 0.004678 0.016632
3 0.589412 0.278940 0.017152 0.038809
3 0.513397 0.294186 0.005458 0.011088
3 0.596429 0.317402 0.007796 0.011088
4 0.008576 0.277207 0.009356 0.016632
3 0.016080 0.260674 0.020271 0.012474
