3 0.805724 0.298798 0.027154 0.014982
4 0.759843 0.089057 0.015918 0.068249
4 0.811342 0.258847 0.014045 0.044945
4 0.816024 0.311282 0.019663 0.029963
4 0.295417 0.161467 0.014045 0.049938
4 0.283712 0.165629 0.011236 0.051603
4 0.741116 0.090721 0.014045 0.061591
4 0.796361 0.262176 0.014045 0.038286
0 0.460681 0.372873 0.026218 0.019975
0 0.511244 0.387855 0.037454 0.053268
0 0.315548 0.366215 0.200378 0.159803
0 0.489354 0.369127 0.015597 0.024262
0 0.672617 0.466175 0.343132 0.523364
0 0.948488 0.399455 0.099430 0.074519
