4 0.312720 0.462796 0.011996 0.046919
4 0.508861 0.493720 0.013196 0.044787
4 0.327115 0.465995 0.007198 0.049052
3 0.643759 0.520226 0.021594 0.019194
3 0.647958 0.501032 0.020394 0.019194
3 0.581977 0.525558 0.020394 0.012796
4 0.659954 0.547190 0.015595 0.021327
4 0.641360 0.549323 0.016795 0.025592
4 0.153704 0.577048 0.010797 0.025592
5 0.187294 0.716435 0.017995 0.125829
5 0.171099 0.715369 0.021594 0.132227
4 0.484806 0.573849 0.005998 0.023460
4 0.445818 0.591977 0.007198 0.021327
0 0.486006 0.615436 0.013196 0.025592
0 0.470410 0.625033 0.029991 0.049052
0 0.498002 0.620768 0.008398 0.019194
0 0.504000 0.621834 0.010797 0.021327
0 0.514797 0.626100 0.017995 0.025592
5 0.598172 0.635392 0.014396 0.053317
0 0.648020 0.661137 0.082775 0.127962
0 0.728396 0.667535 0.130761 0.200474
0 0.875952 0.687796 0.245927 0.309242
0 0.417089 0.667535 0.136759 0.226066
