0 0.181071 0.459243 0.100405 0.116110
0 0.114784 0.467908 0.038018 0.074519
0 0.053371 0.467908 0.084808 0.088383
0 0.016815 0.481772 0.033143 0.091849
7 0.466689 0.430648 0.027295 0.055456
0 0.595364 0.509500 0.257349 0.168100
0 0.775216 0.493036 0.102355 0.093582
0 0.341914 0.512099 0.300241 0.512966
0 0.938977 0.518889 0.117938 0.183980
3 0.451580 0.283344 0.050690 0.024262
3 0.638743 0.307606 0.011698 0.027728
4 0.494228 0.200161 0.013647 0.060655
4 0.375301 0.266014 0.011698 0.039859
4 0.386511 0.266014 0.012672 0.053723
4 0.483992 0.204493 0.008773 0.055456
4 0.510799 0.207093 0.017547 0.064121
4 0.552229 0.387324 0.012673 0.022529
4 0.541506 0.388190 0.010723 0.027728
5 0.860755 0.538094 0.072136 0.389923
5 0.792519 0.494769 0.056539 0.282478
5 0.828587 0.508633 0.046791 0.233954
