4 0.735166 0.259453 0.011865 0.049219
4 0.758237 0.311015 0.013184 0.030469
4 0.629038 0.127031 0.015820 0.056250
4 0.378550 0.341484 0.010547 0.035156
4 0.509727 0.332109 0.009229 0.025781
4 0.492588 0.348515 0.009229 0.025781
4 0.743735 0.311015 0.015820 0.025781
3 0.501157 0.353203 0.010547 0.016406
3 0.551914 0.353203 0.011865 0.016406
0 0.227598 0.457500 0.040869 0.065625
0 0.187388 0.466875 0.047461 0.060937
0 0.128062 0.490312 0.089648 0.079687
0 0.373936 0.418828 0.035596 0.025781
0 0.525547 0.412968 0.035596 0.065625
0 0.605308 0.444609 0.113379 0.147656
0 0.459629 0.475078 0.104150 0.152344
