0 0.246271 0.538130 0.175020 0.161524
0 0.555664 0.528779 0.061209 0.074811
0 0.055124 0.535920 0.108072 0.125819
7 0.336782 0.520617 0.086075 0.081612
0 0.383167 0.529119 0.012433 0.044207
0 0.397991 0.531669 0.024866 0.028904
0 0.419509 0.532519 0.023910 0.034005
0 0.445332 0.532519 0.027735 0.030605
7 0.496499 0.510416 0.053558 0.057809
0 0.595964 0.516367 0.034430 0.028904
0 0.626568 0.516367 0.026779 0.025504
0 0.671519 0.512116 0.019128 0.030605
4 0.551970 0.473860 0.009564 0.018703
4 0.600268 0.433905 0.006695 0.027204
3 0.650224 0.465362 0.012474 0.006930
