4 0.487404 0.270347 0.019496 0.024262
4 0.586347 0.306740 0.010723 0.020796
4 0.373351 0.200161 0.005849 0.032927
3 0.312913 0.286290 0.025345 0.013864
3 0.287081 0.250417 0.014622 0.046791
3 0.845646 0.301541 0.030219 0.027728
3 0.630701 0.301541 0.017547 0.038126
3 0.606818 0.300674 0.014622 0.029461
3 0.944101 0.201894 0.018521 0.043325
3 0.365066 0.279012 0.014622 0.013864
3 0.355805 0.328402 0.013647 0.025995
3 0.913395 0.311072 0.031194 0.057189
0 0.110319 0.526458 0.220637 0.396855
0 0.950908 0.462090 0.093582 0.188896
0 0.755459 0.475954 0.346057 0.466175
0 0.338588 0.427529 0.108518 0.141066
0 0.514384 0.431515 0.046791 0.065854
0 0.592038 0.441046 0.082544 0.126508
0 0.451346 0.420250 0.062388 0.119576
4 0.347646 0.354397 0.012906 0.022529
4 0.526299 0.404654 0.008773 0.015597
