4 0.252525 0.353673 0.010797 0.036256
4 0.277718 0.411256 0.010797 0.023460
4 0.355694 0.444668 0.013196 0.031991
4 0.467861 0.435071 0.014396 0.025592
3 0.331701 0.424407 0.013196 0.021327
3 0.300511 0.416943 0.017995 0.010664
3 0.351496 0.483057 0.009597 0.014929
3 0.280117 0.470260 0.017995 0.019194
3 0.221334 0.446801 0.008398 0.023460
0 0.140958 0.552725 0.094772 0.087441
0 0.668402 0.564455 0.128362 0.179147
0 0.758375 0.646564 0.058783 0.108768
0 0.503251 0.653317 0.219535 0.362559
3 0.506250 0.467772 0.019194 0.021327
6 0.892235 0.470260 0.212337 0.831753
