5 0.872275 0.632109 0.059326 0.278906
5 0.801084 0.663750 0.048779 0.145312
5 0.902598 0.701250 0.038232 0.140625
5 0.764170 0.639140 0.038232 0.128906
5 0.693638 0.605156 0.042187 0.262500
5 0.093785 0.506718 0.018457 0.060937
5 0.080601 0.500859 0.013184 0.044531
5 0.064781 0.499687 0.010547 0.042187
5 0.054893 0.492656 0.011865 0.042187
5 0.044346 0.487968 0.011865 0.046875
0 0.125425 0.527812 0.052734 0.098437
0 0.225621 0.577031 0.184570 0.140625
6 0.207164 0.511406 0.155566 0.093750
6 0.461607 0.607500 0.340136 0.295312
0 0.007342 0.487968 0.014683 0.037500
3 0.200572 0.323906 0.026367 0.060937
3 0.207823 0.374297 0.014502 0.035156
5 0.978220 0.655937 0.041917 0.327535
