5 0.898641 0.565904 0.014011 0.039852
5 0.885331 0.568395 0.007005 0.034871
5 0.877625 0.569640 0.011208 0.042343
5 0.865716 0.572131 0.012610 0.037362
5 0.853106 0.572131 0.009807 0.037362
5 0.847502 0.569640 0.007005 0.037362
5 0.843299 0.570886 0.012610 0.039852
5 0.756433 0.562168 0.009807 0.027399
5 0.752230 0.560923 0.007005 0.024908
5 0.743823 0.559677 0.009807 0.022417
5 0.734016 0.559677 0.009807 0.032380
5 0.729112 0.558432 0.008406 0.029889
5 0.720706 0.562168 0.008406 0.032380
5 0.487850 0.540996 0.007846 0.024908
5 0.476921 0.531033 0.005604 0.024908
5 0.469916 0.533524 0.011208 0.019926
5 0.321403 0.531033 0.011208 0.029889
5 0.333312 0.532279 0.009807 0.032380
5 0.354328 0.536015 0.007005 0.024908
5 0.340318 0.533524 0.009807 0.029889
5 0.371842 0.531033 0.005604 0.024908
5 0.378146 0.533524 0.007005 0.019926
5 0.402665 0.534770 0.008406 0.027399
5 0.436711 0.538257 0.004764 0.024410
5 0.444136 0.539253 0.008406 0.027399
5 0.432928 0.541744 0.005604 0.027399
5 0.428725 0.540498 0.005604 0.029889
5 0.498778 0.538008 0.008406 0.024908
8 0.267603 0.555443 0.033625 0.034871
9 0.264100 0.524308 0.023818 0.032380
5 0.046235 0.508118 0.008406 0.019926
5 0.036428 0.505627 0.008406 0.019926
5 0.025920 0.505627 0.009807 0.024908
5 0.071454 0.668151 0.084064 0.333764
4 0.394399 0.477606 0.012610 0.017435
4 0.437131 0.476361 0.008406 0.019926
4 0.512788 0.465277 0.005604 0.024908
4 0.465152 0.498902 0.008406 0.022417
4 0.527500 0.503884 0.009807 0.022417
4 0.577938 0.460295 0.009807 0.024908
3 0.395099 0.429659 0.014011 0.022417
3 0.493874 0.463284 0.012610 0.019926
3 0.769743 0.493174 0.016813 0.014945
3 0.759235 0.514345 0.015412 0.012454
0 0.474259 0.571384 0.049037 0.059779
0 0.567430 0.552703 0.036428 0.037362
0 0.596152 0.575120 0.046235 0.062269
0 0.128197 0.612316 0.256394 0.271495
0 0.655697 0.599862 0.112085 0.146956
0 0.534505 0.604636 0.107882 0.181827
0 0.321777 0.688284 0.322244 0.293912
0 0.944876 0.571882 0.106481 0.084686
0 0.860112 0.736273 0.276009 0.288930
5 0.799165 0.571633 0.019615 0.057288
5 0.813176 0.572878 0.014011 0.044834
