3 0.496623 0.402503 0.030995 0.059694
3 0.530201 0.405565 0.039605 0.062755
3 0.450992 0.413218 0.055102 0.053571
3 0.299030 0.470616 0.016358 0.033673
3 0.595635 0.446126 0.015497 0.033673
3 0.501789 0.477503 0.025829 0.026020
3 0.537089 0.495105 0.012054 0.027551
0 0.505820 0.511225 0.011193 0.022959
0 0.513138 0.514286 0.011193 0.026020
0 0.517443 0.524235 0.009471 0.018367
0 0.496780 0.526531 0.023246 0.032143
0 0.466646 0.547194 0.047353 0.073469
0 0.441677 0.531888 0.023246 0.042857
0 0.273788 0.555612 0.049075 0.081122
0 0.351706 0.540306 0.025829 0.041327
0 0.308128 0.565194 0.071262 0.094163
0 0.399059 0.582398 0.111926 0.134694
0 0.529496 0.523470 0.028412 0.053571
