4 0.363514 0.217373 0.007020 0.031202
4 0.505092 0.312019 0.007020 0.016641
4 0.379310 0.296418 0.005850 0.018721
4 0.407977 0.324499 0.007020 0.016641
3 0.146466 0.092566 0.040952 0.052003
3 0.274589 0.159130 0.018721 0.022881
3 0.505092 0.292258 0.009361 0.014561
3 0.350643 0.296418 0.009361 0.018721
0 0.432548 0.354661 0.018721 0.027042
0 0.396861 0.347381 0.010531 0.029122
0 0.414997 0.341140 0.016381 0.016641
6 0.496317 0.343221 0.029252 0.062404
0 0.460045 0.357781 0.033932 0.049923
0 0.410902 0.357781 0.026912 0.024961
0 0.309106 0.360902 0.071374 0.114407
7 0.788296 0.383783 0.421132 0.767566
5 0.255282 0.344261 0.008190 0.047843
5 0.240657 0.327620 0.009361 0.035362
5 0.233051 0.326580 0.010531 0.037442
5 0.223106 0.325540 0.009361 0.035362
5 0.211405 0.331780 0.011701 0.064484
5 0.185663 0.334900 0.014041 0.062404
5 0.174548 0.330740 0.010531 0.062404
5 0.166357 0.333860 0.008190 0.047843
5 0.156997 0.330740 0.010531 0.062404
5 0.032417 0.321438 0.023466 0.122610
5 0.047010 0.333347 0.019891 0.109220
5 0.009172 0.333860 0.018343 0.114407
