0 0.511982 0.519623 0.054446 0.091698
0 0.542786 0.507312 0.018626 0.038208
0 0.600098 0.526416 0.118921 0.168113
0 0.928922 0.570991 0.140413 0.241981
5 0.309959 0.487783 0.014328 0.038208
5 0.298497 0.493302 0.014328 0.057736
5 0.259095 0.511133 0.012895 0.066226
5 0.282020 0.499670 0.010029 0.043302
5 0.246916 0.528963 0.025790 0.127359
5 0.155218 0.536604 0.040118 0.163019
5 0.084295 0.531510 0.058744 0.188491
0 0.392344 0.593351 0.250737 0.322361
0 0.792091 0.607925 0.356763 0.361698
4 0.487624 0.447453 0.008597 0.020377
4 0.476878 0.447878 0.007164 0.022925
4 0.460401 0.050519 0.028656 0.089151
4 0.237603 0.042877 0.024357 0.068774
4 0.215395 0.307783 0.020059 0.099340
4 0.202500 0.390566 0.017193 0.035660
3 0.225425 0.388019 0.025790 0.040755
3 0.221126 0.170236 0.040118 0.063679
