3 0.299283 0.188964 0.036547 0.055949
3 0.299283 0.331544 0.012182 0.023463
4 0.519076 0.253035 0.009137 0.028877
4 0.461209 0.261157 0.005076 0.019853
4 0.422631 0.284619 0.007106 0.019853
4 0.401312 0.255742 0.005076 0.019853
4 0.373901 0.260254 0.005076 0.018048
4 0.346490 0.262059 0.007106 0.018048
4 0.320095 0.265669 0.005076 0.018048
4 0.286593 0.268376 0.005076 0.023463
0 0.370855 0.304472 0.015228 0.019853
0 0.396743 0.301765 0.014213 0.018048
0 0.347506 0.300862 0.013198 0.016243
0 0.302836 0.300862 0.021319 0.030682
0 0.275426 0.305374 0.029441 0.021658
0 0.241416 0.304472 0.026395 0.023463
0 0.466285 0.321618 0.033502 0.054144
0 0.497756 0.326130 0.051776 0.070388
0 0.535827 0.318911 0.040608 0.081217
0 0.570851 0.342373 0.092384 0.110094
0 0.677956 0.317106 0.058882 0.066778
0 0.732269 0.313496 0.065988 0.059559
0 0.773385 0.309886 0.034517 0.063168
0 0.859170 0.303570 0.092384 0.093850
0 0.879474 0.313496 0.072080 0.092045
0 0.156139 0.331544 0.115734 0.124532
0 0.631764 0.364031 0.128931 0.128142
0 0.927697 0.332447 0.142129 0.166043
5 0.801653 0.323914 0.034322 0.169322
0 0.066733 0.314762 0.023167 0.047288
6 0.024571 0.316287 0.049143 0.050339
