4 0.567619 0.120718 0.016259 0.069710
4 0.552316 0.387658 0.004782 0.018703
4 0.745986 0.343451 0.020084 0.032305
4 0.551838 0.124118 0.019128 0.073111
4 0.554229 0.386808 0.004782 0.020403
4 0.549926 0.388508 0.005738 0.023804
4 0.038256 0.403810 0.015302 0.037406
4 0.011955 0.406360 0.023910 0.035705
3 0.024866 0.324748 0.030605 0.022103
3 0.012433 0.298394 0.024866 0.023804
3 0.721120 0.249937 0.036343 0.042506
3 0.733553 0.290743 0.019128 0.025504
5 0.767027 0.422513 0.012433 0.023804
5 0.684299 0.439515 0.015302 0.047607
4 0.586747 0.413161 0.002869 0.015302
0 0.531754 0.455668 0.011477 0.022103
0 0.493977 0.459918 0.014346 0.027204
0 0.406467 0.475221 0.009564 0.051008
0 0.566184 0.453967 0.013389 0.025504
0 0.570488 0.460769 0.010520 0.035705
0 0.577183 0.460769 0.010520 0.035705
0 0.582921 0.459068 0.010520 0.052708
0 0.605874 0.469270 0.046863 0.069710
7 0.548491 0.448867 0.018171 0.035705
0 0.514061 0.463319 0.035387 0.057809
0 0.450461 0.468420 0.087988 0.132620
4 0.456199 0.397859 0.005738 0.015302
0 0.655607 0.471820 0.067904 0.091814
4 0.727032 0.343398 0.011477 0.035705
