4 0.632334 0.491484 0.006592 0.025781
4 0.513023 0.509062 0.007910 0.023437
4 0.482041 0.539531 0.009229 0.018750
3 0.662656 0.489140 0.030322 0.011719
3 0.503135 0.504375 0.011865 0.014062
3 0.366026 0.466875 0.019775 0.023437
3 0.419419 0.504375 0.007910 0.018750
4 0.356138 0.524297 0.010547 0.016406
0 0.446446 0.570000 0.022412 0.037500
0 0.397007 0.605156 0.087012 0.112500
0 0.544004 0.591093 0.056689 0.103125
7 0.511704 0.551250 0.036914 0.051562
7 0.603989 0.545390 0.063281 0.086719
6 0.675840 0.548906 0.056689 0.093750
6 0.746372 0.579375 0.105469 0.257812
0 0.591465 0.637968 0.067236 0.121875
0 0.481382 0.637968 0.102832 0.140625
0 0.654746 0.732890 0.180615 0.274219
0 0.205095 0.663750 0.410191 0.501562
6 0.872275 0.620390 0.254443 0.649218
