4 0.323261 0.377456 0.021041 0.037406
4 0.434680 0.356203 0.018171 0.032305
4 0.142502 0.472670 0.011477 0.020403
4 0.144415 0.499024 0.017215 0.022103
4 0.574792 0.522828 0.011477 0.018703
5 0.145372 0.561083 0.015302 0.078212
5 0.169281 0.577236 0.017215 0.073111
5 0.122418 0.550882 0.009564 0.040806
5 0.597745 0.557683 0.011477 0.020403
5 0.690420 0.562784 0.006695 0.023804
3 0.109029 0.444616 0.034430 0.018703
3 0.079381 0.450567 0.009564 0.017003
3 0.138199 0.388508 0.016259 0.015302
0 0.360082 0.520277 0.008608 0.017003
0 0.353865 0.521127 0.009564 0.022103
0 0.344779 0.527078 0.016259 0.030605
0 0.334259 0.541531 0.016259 0.028904
0 0.313697 0.549182 0.032517 0.040806
0 0.294091 0.567884 0.043038 0.051008
0 0.369646 0.558533 0.037299 0.052708
0 0.388773 0.530479 0.033474 0.037406
0 0.627393 0.606140 0.099465 0.083312
5 0.204030 0.567034 0.019128 0.066310
0 0.470864 0.762563 0.315609 0.447166
0 0.819947 0.648646 0.355778 0.688602
3 0.808881 0.310826 0.047353 0.047449
3 0.864844 0.329193 0.021524 0.044388
3 0.930708 0.274857 0.051658 0.036735
3 0.984949 0.285571 0.027551 0.064286
0 0.011623 0.763122 0.021524 0.220408
5 0.248820 0.549602 0.012054 0.059694
4 0.749718 0.312071 0.017226 0.063800
