5 0.905223 0.474490 0.044426 0.337959
5 0.937701 0.493347 0.122047 0.367347
5 0.869579 0.516122 0.142577 0.444490
5 0.643439 0.439504 0.036161 0.146939
5 0.616060 0.440423 0.035128 0.141429
5 0.589198 0.433994 0.014464 0.062449
3 0.572717 0.347449 0.022730 0.045918
5 0.547404 0.431939 0.011365 0.053265
0 0.539123 0.432494 0.016531 0.025714
0 0.522593 0.424228 0.020663 0.031224
0 0.453887 0.426065 0.015497 0.027551
0 0.402746 0.438004 0.049592 0.084490
0 0.366068 0.449024 0.056824 0.102857
0 0.021696 0.586837 0.042360 0.347143
3 0.038227 0.381122 0.011365 0.027551
0 0.264219 0.464694 0.165306 0.202041
0 0.489965 0.437143 0.065089 0.102857
0 0.147988 0.429061 0.071288 0.066122
