0 0.651936 0.576195 0.122857 0.153929
0 0.485201 0.548113 0.072544 0.106086
0 0.374630 0.531472 0.052653 0.085285
0 0.443079 0.536672 0.037442 0.054083
0 0.421432 0.530432 0.022231 0.037442
6 0.457705 0.508591 0.033932 0.031202
0 0.009847 0.468028 0.019332 0.020801
0 0.054615 0.471148 0.056163 0.018721
0 0.096738 0.479469 0.046803 0.022881
0 0.176303 0.495070 0.046803 0.016641
7 0.195609 0.480509 0.050313 0.024961
0 0.217840 0.498190 0.029252 0.010401
0 0.299535 0.509991 0.028831 0.015920
3 0.403296 0.498190 0.011701 0.014561
3 0.400956 0.497150 0.016381 0.020801
3 0.386330 0.488829 0.010531 0.012481
3 0.418760 0.499687 0.017139 0.023437
