7 0.029598 0.456637 0.057990 0.486598
3 0.093966 0.299936 0.024356 0.045361
4 0.125281 0.283441 0.017397 0.028866
0 0.089327 0.508183 0.077706 0.098969
5 0.204727 0.458699 0.011598 0.049485
5 0.256917 0.461791 0.013918 0.059794
5 0.296930 0.457668 0.012758 0.072165
0 0.280693 0.448389 0.035954 0.061856
0 0.309108 0.432925 0.027835 0.059794
0 0.334044 0.447358 0.052191 0.072165
0 0.366518 0.427771 0.026675 0.061856
0 0.396093 0.427771 0.027835 0.045361
0 0.423928 0.422616 0.034794 0.039175
0 0.455242 0.442204 0.057990 0.074227
7 0.678503 0.369008 0.402449 0.224742
3 0.681982 0.052513 0.040593 0.065979
3 0.730113 0.090657 0.020876 0.072165
4 0.796802 0.163853 0.024356 0.041237
5 0.762885 0.454461 0.063223 0.189462
4 0.811299 0.327771 0.013918 0.043299
5 0.873928 0.386534 0.020876 0.144330
5 0.888425 0.390657 0.012758 0.119588
5 0.898863 0.381379 0.017397 0.117526
5 0.916260 0.379317 0.022036 0.113402
5 0.975990 0.359729 0.037113 0.177320
4 0.505113 0.247358 0.013918 0.051546
4 0.470320 0.349420 0.006959 0.020619
4 0.410590 0.360760 0.008119 0.022680
4 0.033657 0.306121 0.019716 0.041237
