0 0.629498 0.544993 0.018721 0.033282
0 0.531797 0.529392 0.029252 0.039522
0 0.647517 0.547073 0.030422 0.041602
0 0.480197 0.538752 0.074884 0.104006
0 0.602586 0.524191 0.009361 0.016641
0 0.592056 0.528352 0.011701 0.016641
4 0.179021 0.101926 0.032762 0.116487
4 0.087170 0.341140 0.024571 0.029122
4 0.648804 0.275617 0.022231 0.047843
4 0.455157 0.485709 0.014041 0.027042
4 0.502545 0.477389 0.008190 0.018721
4 0.519511 0.468028 0.009361 0.016641
4 0.588545 0.476349 0.009361 0.012481
4 0.583280 0.498190 0.008190 0.018721
3 0.615691 0.476349 0.021061 0.016641
3 0.648219 0.470940 0.011701 0.024961
3 0.698532 0.491741 0.014041 0.033282
3 0.647049 0.499022 0.009361 0.018721
3 0.456327 0.449099 0.009361 0.022881
3 0.721933 0.265008 0.079565 0.037442
3 0.910315 0.358614 0.042123 0.024961
3 0.897444 0.380455 0.037442 0.022881
3 0.838355 0.450139 0.026912 0.049923
4 0.212251 0.105046 0.035102 0.097766
4 0.924648 0.472188 0.021061 0.031202
4 0.888668 0.466641 0.012871 0.029122
4 0.078541 0.396412 0.012871 0.020801
