3 0.642850 0.355405 0.019135 0.044761
3 0.686157 0.382261 0.015107 0.069828
3 0.773777 0.360776 0.035250 0.080570
3 0.607601 0.426127 0.011078 0.014324
4 0.615154 0.426127 0.006043 0.014324
0 0.354811 0.520126 0.125891 0.170093
0 0.211296 0.506698 0.126898 0.125332
0 0.462574 0.536240 0.176248 0.191578
0 0.079709 0.504907 0.156418 0.214854
0 0.594508 0.467308 0.051364 0.053714
0 0.618679 0.480736 0.037264 0.062666
0 0.671554 0.494165 0.084599 0.107427
0 0.848808 0.568468 0.245739 0.213064
0 0.944989 0.867583 0.107763 0.259833
3 0.856455 0.315469 0.030322 0.065625
