4 0.454865 0.316179 0.015211 0.052003
4 0.701165 0.221533 0.016381 0.058243
4 0.687709 0.213213 0.015211 0.074884
4 0.437899 0.314099 0.014041 0.056163
3 0.741532 0.369222 0.029252 0.037442
4 0.082782 0.376503 0.030422 0.064484
3 0.044087 0.223702 0.048139 0.116663
0 0.066401 0.591795 0.129878 0.120647
0 0.145381 0.598036 0.074884 0.074884
0 0.419763 0.569954 0.044463 0.064484
0 0.527994 0.547073 0.022231 0.052003
0 0.480021 0.600116 0.101796 0.149769
0 0.601709 0.546033 0.031592 0.037442
0 0.557831 0.540832 0.028082 0.031202
0 0.974317 0.639638 0.051366 0.245455
5 0.231381 0.606356 0.043293 0.216333
9 0.709940 0.564754 0.026912 0.091525
8 0.711110 0.587635 0.066694 0.062404
5 0.886016 0.604114 0.045229 0.209483
3 0.043227 0.325411 0.046419 0.078291
