0 0.262051 0.462469 0.057384 0.112217
0 0.325970 0.471820 0.121462 0.154723
7 0.775634 0.380857 0.448548 0.712406
0 0.475327 0.543231 0.244836 0.350252
4 0.340954 0.285642 0.012433 0.045907
4 0.726858 0.092664 0.017215 0.078212
4 0.332346 0.283942 0.008608 0.042506
4 0.349561 0.284792 0.004782 0.040806
4 0.706296 0.100315 0.019128 0.073111
4 0.740726 0.082462 0.011477 0.047607
3 0.307002 0.300945 0.043994 0.025504
5 0.111898 0.454818 0.022953 0.083312
5 0.089423 0.436115 0.021997 0.073111
3 0.125750 0.318870 0.017547 0.017330
5 0.051665 0.430995 0.025345 0.036393
3 0.967740 0.030327 0.064337 0.058922
