4 0.546273 0.346573 0.004899 0.019597
4 0.502180 0.358548 0.004899 0.017419
4 0.482583 0.320081 0.007349 0.021774
4 0.439715 0.359274 0.009798 0.021774
3 0.395010 0.341855 0.011023 0.021774
4 0.703660 0.347298 0.011023 0.019597
0 0.563420 0.383226 0.012248 0.026129
0 0.518715 0.390847 0.008574 0.028306
0 0.504630 0.394113 0.017147 0.034839
0 0.450126 0.399557 0.018372 0.023952
0 0.553622 0.396290 0.007349 0.034839
0 0.535862 0.391936 0.028170 0.052258
0 0.481971 0.410444 0.062465 0.054435
0 0.426243 0.402823 0.036744 0.056613
0 0.400522 0.411532 0.048992 0.056613
5 0.372964 0.396290 0.006124 0.017419
5 0.365003 0.395202 0.007349 0.019597
0 0.330708 0.428952 0.080837 0.095806
0 0.171356 0.488906 0.232455 0.178125
0 0.052060 0.500663 0.104121 0.248513
0 0.571994 0.393024 0.009798 0.032661
7 0.606900 0.372339 0.062465 0.117581
5 0.650381 0.394113 0.007349 0.047903
5 0.725706 0.397379 0.008574 0.050081
0 0.694474 0.393024 0.046542 0.063145
0 0.767349 0.407177 0.067364 0.087097
0 0.968216 0.361452 0.060015 0.087097
0 0.855796 0.499453 0.287402 0.438281
0 0.298130 0.463125 0.031641 0.084375
5 0.272422 0.386015 0.011865 0.030469
5 0.171568 0.388359 0.010547 0.021094
5 0.223643 0.389531 0.009229 0.018750
