4 0.341519 0.439638 0.017985 0.033750
4 0.557341 0.356151 0.009992 0.055066
4 0.544852 0.359704 0.008993 0.040855
4 0.569831 0.356151 0.014988 0.047961
4 0.254590 0.557763 0.013988 0.024868
3 0.295557 0.464507 0.053956 0.019539
3 0.255090 0.501809 0.014988 0.012434
3 0.804638 0.388125 0.038968 0.044408
3 0.792148 0.433421 0.023980 0.049737
9 0.129071 0.630000 0.010991 0.021316
10 0.138563 0.635921 0.017985 0.039079
0 0.251470 0.619934 0.083931 0.078158
0 0.723082 0.720592 0.147878 0.259342
0 0.457896 0.734451 0.439638 0.529342
0 0.856068 0.760208 0.284766 0.477829
4 0.807608 0.502642 0.019984 0.040855
4 0.783628 0.512412 0.021982 0.046184
