0 0.583565 0.450462 0.005458 0.019405
0 0.608123 0.444918 0.007796 0.022177
0 0.571480 0.459471 0.007796 0.020791
0 0.527430 0.449769 0.021050 0.031879
0 0.507549 0.462243 0.024949 0.029107
0 0.598300 0.450739 0.020271 0.030493
0 0.550742 0.461827 0.035864 0.049897
0 0.465760 0.478460 0.067050 0.094250
0 0.134976 0.516160 0.202903 0.182957
3 0.631123 0.411999 0.007017 0.016632
3 0.519244 0.427939 0.012474 0.015246
3 0.608903 0.396268 0.020271 0.026335
3 0.578497 0.383100 0.009356 0.005544
3 0.585904 0.396961 0.024169 0.024949
3 0.541074 0.373398 0.012474 0.005544
3 0.551599 0.388645 0.031965 0.027721
4 0.107689 0.228300 0.027288 0.080390
4 0.142383 0.361359 0.023389 0.041581
4 0.041808 0.235923 0.018711 0.073460
4 0.547311 0.410960 0.006237 0.012474
4 0.928558 0.040195 0.032745 0.077618
3 0.804594 0.115734 0.026508 0.073460
3 0.992879 0.122664 0.011695 0.029107
3 0.967930 0.108111 0.016373 0.033265
