4 0.356120 0.157255 0.019283 0.055502
4 0.612765 0.203779 0.022037 0.050605
4 0.816764 0.388785 0.013773 0.021221
4 0.797022 0.389329 0.006428 0.019589
3 0.348009 0.387697 0.009182 0.022854
3 0.802532 0.346886 0.023874 0.016324
3 0.813551 0.314238 0.016528 0.009794
3 0.792890 0.366475 0.011937 0.016324
5 0.343877 0.479927 0.021119 0.101209
5 0.633731 0.481288 0.013161 0.063664
5 0.451156 0.482104 0.018365 0.084885
5 0.458808 0.482920 0.012855 0.086518
0 0.445953 0.461699 0.014692 0.034281
0 0.436312 0.466596 0.013773 0.040810
0 0.420243 0.460883 0.040402 0.048972
0 0.417029 0.474758 0.043157 0.053869
0 0.466613 0.460067 0.011937 0.014692
0 0.473500 0.464964 0.007346 0.017956
0 0.479009 0.466596 0.007346 0.024486
0 0.483600 0.469861 0.009182 0.027751
0 0.495996 0.468229 0.013773 0.027751
0 0.632813 0.474486 0.039484 0.062031
0 0.892824 0.534885 0.150589 0.297098
0 0.942234 0.610753 0.113860 0.533097
0 0.166921 0.534263 0.333842 0.480860
3 0.011084 0.252207 0.021119 0.031016
6 0.521160 0.459639 0.031220 0.068561
0 0.395363 0.486807 0.045911 0.066929
0 0.575795 0.477012 0.052339 0.079988
