0 0.483146 0.587590 0.015024 0.029137
10 0.471537 0.587590 0.013658 0.026709
9 0.474268 0.565738 0.013658 0.036421
9 0.618358 0.566952 0.069655 0.218525
10 0.614261 0.644650 0.096971 0.194245
3 0.521388 0.515963 0.012292 0.033993
3 0.550069 0.497752 0.009560 0.029137
0 0.141700 0.605801 0.116092 0.123831
0 0.230476 0.605801 0.151602 0.128687
3 0.642943 0.047347 0.031413 0.094694
3 0.678453 0.049168 0.034145 0.098336
4 0.654552 0.152968 0.013658 0.050989
3 0.657283 0.329002 0.068289 0.155396
3 0.313789 0.478328 0.028681 0.024281
3 0.397102 0.528103 0.009560 0.031565
0 0.074058 0.624706 0.071471 0.074118
