0 0.213934 0.432492 0.194232 0.140408
0 0.656902 0.456414 0.104721 0.142488
0 0.530041 0.412384 0.007020 0.009361
0 0.536184 0.415505 0.006435 0.013521
0 0.543205 0.417065 0.011116 0.012481
0 0.556309 0.424345 0.014626 0.020801
0 0.572398 0.425905 0.018721 0.026002
0 0.587901 0.431106 0.015796 0.026002
0 0.333411 0.446186 0.043878 0.043683
0 0.381677 0.440466 0.044463 0.042643
0 0.483765 0.420705 0.016966 0.019761
3 0.719593 0.310198 0.015211 0.018721
3 0.562218 0.392363 0.004680 0.014561
4 0.476511 0.376086 0.005265 0.012481
4 0.531211 0.372966 0.005850 0.014561
4 0.529164 0.396888 0.004095 0.010401
