3 0.123688 0.250403 0.106630 0.052514
3 0.192853 0.354151 0.020173 0.034583
3 0.435772 0.055076 0.033862 0.092220
3 0.435411 0.142813 0.034583 0.093501
3 0.597157 0.251684 0.032421 0.052514
3 0.600399 0.293311 0.017291 0.033302
3 0.905998 0.061480 0.045390 0.092220
3 0.905638 0.112713 0.043228 0.028178
4 0.922754 0.171540 0.023055 0.083254
4 0.887091 0.243908 0.020894 0.033302
0 0.009231 0.429720 0.018462 0.080693
0 0.094967 0.460460 0.189934 0.221584
5 0.989853 0.356584 0.018012 0.081973
5 0.970040 0.354023 0.018732 0.074288
5 0.949507 0.355304 0.020894 0.074288
5 0.936178 0.363629 0.015850 0.062761
4 0.469160 0.022616 0.046392 0.039175
