4 0.312719 0.426047 0.010763 0.021260
3 0.392842 0.475158 0.013155 0.014882
3 0.580593 0.444331 0.010763 0.021260
3 0.711541 0.391181 0.016742 0.029764
3 0.704365 0.431575 0.009567 0.042520
3 0.718716 0.433701 0.014350 0.046772
0 0.484206 0.543189 0.020330 0.031890
0 0.337832 0.549567 0.063381 0.087165
0 0.502862 0.534685 0.025113 0.031890
0 0.544119 0.531496 0.038268 0.038268
0 0.413643 0.591998 0.141338 0.202996
5 0.628667 0.542977 0.008371 0.042520
5 0.744427 0.567638 0.013155 0.093543
5 0.771932 0.571890 0.027505 0.097795
5 0.993048 0.599528 0.011959 0.140315
5 0.969728 0.593150 0.032288 0.182835
5 0.938038 0.586772 0.028701 0.136063
5 0.863296 0.568701 0.020330 0.091417
5 0.885420 0.576142 0.019134 0.119055
5 0.838183 0.569764 0.025113 0.102047
5 0.722782 0.560197 0.014350 0.065906
5 0.649834 0.547441 0.011959 0.040394
5 0.613360 0.548504 0.013155 0.042520
5 0.899770 0.588898 0.028701 0.140315
4 0.438750 0.484750 0.010125 0.022500
