3 0.199348 0.296342 0.041917 0.062388
3 0.201298 0.412452 0.043866 0.079718
3 0.491791 0.425449 0.020471 0.039859
3 0.723307 0.410719 0.013647 0.034660
3 0.775947 0.333601 0.025345 0.029461
3 0.783943 0.454044 0.027690 0.041592
3 0.726232 0.485238 0.015597 0.020796
3 0.707223 0.520764 0.010723 0.046791
3 0.622902 0.472240 0.025345 0.022529
4 0.645778 0.391656 0.008708 0.034660
4 0.778384 0.411586 0.012673 0.025995
4 0.795443 0.488704 0.011698 0.017330
4 0.491791 0.393389 0.008773 0.020796
4 0.345569 0.340533 0.016572 0.008665
4 0.377251 0.360462 0.013647 0.017330
4 0.782771 0.489570 0.011698 0.019063
7 0.686265 0.551091 0.027295 0.038126
0 0.976270 0.548492 0.045816 0.039859
4 0.627289 0.559756 0.004874 0.013864
4 0.632650 0.555424 0.005849 0.015597
