0 0.294545 0.597918 0.226525 0.358475
0 0.182606 0.492187 0.097031 0.200625
0 0.079774 0.562500 0.157148 0.262500
4 0.165204 0.392812 0.013711 0.031875
4 0.282801 0.366562 0.012656 0.035625
6 0.352411 0.379687 0.126562 0.260625
0 0.425639 0.458705 0.022003 0.043661
0 0.447715 0.484955 0.058008 0.076875
3 0.469863 0.406473 0.009492 0.020625
3 0.496758 0.359598 0.014766 0.020625
3 0.500449 0.379286 0.017930 0.015000
3 0.556347 0.336161 0.022148 0.018750
5 0.510996 0.458303 0.009492 0.033750
5 0.628368 0.448928 0.013711 0.048750
5 0.643133 0.444241 0.013711 0.061875
5 0.669500 0.447053 0.015820 0.093750
5 0.690594 0.445178 0.015820 0.097500
5 0.711688 0.446116 0.024258 0.099375
5 0.730672 0.444241 0.013711 0.103125
5 0.740692 0.440491 0.008437 0.114375
5 0.753348 0.434866 0.010547 0.118125
5 0.528398 0.450000 0.009492 0.031875
