4 0.446932 0.201612 0.042965 0.030197
4 0.548349 0.214046 0.047961 0.030197
4 0.593312 0.354375 0.011990 0.044408
4 0.107711 0.393454 0.013988 0.026645
3 0.162666 0.403224 0.017985 0.031974
3 0.613295 0.393454 0.015987 0.030197
4 0.483402 0.408553 0.007993 0.014211
0 0.828118 0.415658 0.007993 0.017763
0 0.880575 0.418322 0.008993 0.019539
0 0.323534 0.485822 0.065946 0.076382
0 0.167662 0.496480 0.113906 0.101250
0 0.429447 0.436974 0.015987 0.024868
0 0.496391 0.434309 0.015987 0.023092
0 0.817627 0.421875 0.010991 0.019539
