4 0.432603 0.461718 0.007910 0.037500
4 0.300108 0.445312 0.003955 0.028125
4 0.402940 0.495703 0.003955 0.021094
4 0.863047 0.294140 0.011865 0.058594
4 0.868980 0.437109 0.013184 0.035156
4 0.238145 0.500390 0.009229 0.021094
3 0.849863 0.338672 0.032959 0.025781
3 0.242759 0.479297 0.015820 0.011719
3 0.293516 0.430078 0.017139 0.016406
3 0.319224 0.440625 0.023730 0.046875
0 0.336363 0.535547 0.015820 0.025781
0 0.313291 0.540234 0.027686 0.025781
0 0.288243 0.536718 0.019775 0.060937
0 0.358775 0.529687 0.005273 0.018750
0 0.381187 0.520312 0.034277 0.037500
0 0.247373 0.568828 0.075146 0.096094
0 0.156407 0.555468 0.088330 0.117187
0 0.029754 0.578906 0.059507 0.135937
0 0.441172 0.542812 0.101514 0.124687
0 0.416783 0.631640 0.448242 0.311719
