4 0.309108 0.051224 0.030155 0.098969
4 0.479598 0.040045 0.023196 0.080090
4 0.766067 0.284214 0.023196 0.057732
4 0.731853 0.282152 0.012758 0.041237
4 0.332304 0.052255 0.013918 0.101031
3 0.532369 0.032829 0.049871 0.065657
3 0.565423 0.099678 0.106701 0.059794
3 0.705178 0.194523 0.066108 0.109278
3 0.706918 0.275967 0.044072 0.032990
4 0.432046 0.415142 0.009278 0.022680
0 0.583956 0.487629 0.040593 0.041237
0 0.619910 0.483505 0.059149 0.041237
0 0.657023 0.488660 0.068428 0.055670
0 0.340979 0.471429 0.027835 0.022680
0 0.390851 0.466274 0.020876 0.020619
0 0.266173 0.473491 0.082345 0.084536
0 0.777342 0.506598 0.055429 0.088660
0 0.015157 0.522062 0.030314 0.127835
0 0.418845 0.469485 0.011598 0.018557
3 0.458160 0.423716 0.011698 0.008665
3 0.381637 0.402054 0.012673 0.006932
0 0.453773 0.473107 0.016572 0.017330
0 0.435252 0.471374 0.010723 0.017330
