5 0.823518 0.447945 0.017938 0.078661
5 0.964631 0.467079 0.039464 0.155197
0 0.274651 0.441142 0.126762 0.150945
0 0.410979 0.471969 0.095669 0.144567
0 0.471969 0.427323 0.033484 0.051024
0 0.497082 0.415630 0.016742 0.031890
0 0.511432 0.429449 0.031093 0.046772
0 0.558669 0.451772 0.106432 0.180709
4 0.510236 0.294449 0.014350 0.031890
4 0.387062 0.271063 0.011959 0.040394
4 0.375103 0.262559 0.009567 0.027638
4 0.289001 0.317480 0.014350 0.021260
4 0.320692 0.343701 0.010763 0.021260
4 0.402608 0.361417 0.009567 0.012756
4 0.485123 0.359291 0.007175 0.017008
4 0.414567 0.366732 0.007175 0.019134
3 0.213661 0.308268 0.019134 0.017008
3 0.202301 0.282756 0.020330 0.017008
3 0.210074 0.273189 0.011959 0.036142
3 0.111415 0.314646 0.015546 0.080787
5 0.130549 0.406063 0.017938 0.076535
5 0.165229 0.408898 0.013155 0.059528
4 0.655534 0.381614 0.010763 0.019134
5 0.717121 0.454606 0.016742 0.070157
3 0.900652 0.306567 0.026309 0.038268
5 0.648922 0.447945 0.013155 0.061654
3 0.559232 0.315071 0.013155 0.051024
3 0.610056 0.340583 0.011959 0.008504
4 0.912611 0.394795 0.026309 0.031890
4 0.889889 0.390543 0.007175 0.031890
