3 0.429992 0.506978 0.044917 0.052403
3 0.514562 0.520078 0.032986 0.046165
3 0.579130 0.528812 0.044215 0.058641
3 0.106802 0.528396 0.034389 0.038678
3 0.972203 0.611368 0.014738 0.029945
3 0.969747 0.650046 0.015440 0.034935
0 0.114222 0.612615 0.018949 0.026201
0 0.090009 0.610744 0.019651 0.024954
0 0.510402 0.619478 0.016844 0.017468
0 0.534966 0.641312 0.021055 0.026201
0 0.489698 0.636945 0.031582 0.039926
0 0.432851 0.630707 0.020353 0.029945
0 0.344421 0.643808 0.052637 0.061137
0 0.574970 0.634450 0.044917 0.042421
0 0.465135 0.629459 0.031582 0.052403
0 0.447940 0.623221 0.012633 0.029945
3 0.685508 0.618854 0.010527 0.023706
3 0.381267 0.518415 0.009826 0.017468
