0 0.521411 0.630234 0.022939 0.021094
0 0.517719 0.627890 0.009229 0.021094
0 0.763198 0.666562 0.019775 0.028125
0 0.790883 0.666562 0.035596 0.046875
0 0.864711 0.670781 0.093603 0.078750
0 0.956996 0.668906 0.085693 0.101250
0 0.149065 0.674531 0.129018 0.097500
0 0.249697 0.644765 0.036914 0.049219
0 0.532485 0.668203 0.051416 0.077344
0 0.713759 0.695156 0.110742 0.117187
4 0.515478 0.597656 0.007910 0.018750
4 0.537231 0.597656 0.006592 0.018750
3 0.624375 0.597656 0.010547 0.009375
3 0.406054 0.623437 0.009229 0.025781
