4 0.384562 0.410719 0.008773 0.024262
4 0.468395 0.408120 0.006824 0.022529
4 0.395285 0.455777 0.006824 0.017330
4 0.472294 0.458376 0.004874 0.019063
4 0.447437 0.452311 0.003899 0.017330
0 0.464009 0.503434 0.019496 0.029461
0 0.442563 0.493903 0.015597 0.024262
0 0.477168 0.500835 0.012673 0.020796
0 0.590734 0.537227 0.038992 0.069320
0 0.571237 0.519898 0.062388 0.072786
0 0.318275 0.502568 0.036068 0.041592
0 0.279282 0.509500 0.045816 0.055456
0 0.228592 0.511233 0.067262 0.072786
0 0.422579 0.500835 0.024370 0.027728
0 0.499102 0.503434 0.027295 0.039859
0 0.665306 0.564955 0.156944 0.162901
0 0.103330 0.519898 0.052640 0.069320
0 0.043866 0.519898 0.087733 0.079718
0 0.388223 0.495636 0.018997 0.017330
0 0.367990 0.490437 0.022421 0.024262
5 0.123313 0.525096 0.010723 0.072786
5 0.973674 0.528352 0.038675 0.170570
5 0.532589 0.499230 0.010531 0.049923
3 0.743787 0.330740 0.032762 0.045763
3 0.742032 0.370262 0.040952 0.041602
