4 0.208366 0.364484 0.012319 0.021900
4 0.166570 0.387167 0.014959 0.017207
4 0.356633 0.401246 0.011439 0.020336
4 0.417348 0.371524 0.009679 0.017207
4 0.119494 0.454432 0.015839 0.020336
4 0.473663 0.430968 0.011439 0.023465
3 0.859071 0.059444 0.065994 0.112630
3 0.864350 0.180678 0.073034 0.117323
3 0.929025 0.087601 0.059835 0.081344
3 0.428347 0.425493 0.017598 0.025029
3 0.378632 0.400464 0.020238 0.018772
4 0.239604 0.342584 0.013199 0.025029
4 0.262482 0.373870 0.016719 0.028158
0 0.417634 0.488624 0.012319 0.023465
0 0.449752 0.489406 0.058955 0.075087
0 0.486708 0.519910 0.088872 0.111066
0 0.355600 0.542592 0.139908 0.206489
0 0.731893 0.626283 0.364289 0.339455
5 0.985311 0.564546 0.026398 0.203255
0 0.286714 0.493317 0.023758 0.042236
0 0.271755 0.492534 0.016719 0.043801
0 0.251077 0.487059 0.028158 0.045365
0 0.218520 0.488624 0.033437 0.045365
0 0.191682 0.491752 0.051916 0.061008
0 0.161325 0.492534 0.040477 0.059444
0 0.110289 0.496445 0.063355 0.064137
6 0.038575 0.370518 0.076553 0.387949
5 0.566976 0.491139 0.018019 0.083898
5 0.547241 0.495715 0.018019 0.080847
