4 0.518373 0.097697 0.007993 0.039079
4 0.654262 0.099474 0.009992 0.035526
4 0.796644 0.096809 0.010991 0.026645
4 0.547849 0.186513 0.006994 0.024868
4 0.591813 0.182072 0.004996 0.015987
3 0.455925 0.179408 0.014988 0.024868
3 0.808135 0.121678 0.019984 0.008882
3 0.791648 0.131447 0.012989 0.010658
3 0.795645 0.146546 0.014988 0.012434
3 0.791648 0.176743 0.010991 0.033750
3 0.713713 0.178520 0.028976 0.015987
4 0.809634 0.184737 0.020983 0.028421
0 0.509381 0.233586 0.015987 0.019539
0 0.491396 0.246020 0.025979 0.030197
0 0.472911 0.251349 0.026978 0.037303
0 0.545351 0.243355 0.017985 0.024868
0 0.582820 0.237138 0.012989 0.026645
0 0.564336 0.250461 0.023980 0.035526
0 0.416988 0.269852 0.112969 0.213454
6 0.266081 0.201612 0.234807 0.325066
0 0.757676 0.270888 0.042965 0.097697
0 0.803139 0.284211 0.093923 0.117237
0 0.910551 0.293980 0.178853 0.218487
0 0.978403 0.388544 0.042187 0.233536
5 0.265171 0.314297 0.050098 0.180469
4 0.641563 0.101250 0.009229 0.032812
4 0.726597 0.198515 0.010547 0.030469
6 0.650791 0.220547 0.051416 0.086719
6 0.615855 0.210000 0.034277 0.079687
