4 0.291313 0.156633 0.017219 0.064286
4 0.269358 0.142857 0.019802 0.055102
4 0.533245 0.042602 0.024107 0.084184
4 0.557352 0.040306 0.017219 0.079592
4 0.507847 0.044133 0.023246 0.087245
6 0.173717 0.419418 0.345249 0.835715
0 0.399121 0.498324 0.018941 0.024490
0 0.383193 0.504446 0.016358 0.030612
0 0.363821 0.505212 0.020663 0.038265
0 0.344019 0.510569 0.013776 0.039796
0 0.430485 0.493623 0.012054 0.016837
0 0.434359 0.495153 0.009471 0.016837
0 0.468368 0.487500 0.008610 0.016837
5 0.835619 0.488547 0.017219 0.096429
9 0.731394 0.511990 0.032717 0.111735
8 0.732685 0.532653 0.066295 0.088776
3 0.609841 0.423932 0.014636 0.038265
4 0.467350 0.433116 0.012054 0.026020
4 0.432481 0.431585 0.009471 0.026020
0 0.990778 0.536510 0.014636 0.068878
0 0.523087 0.499091 0.025829 0.068878
3 0.497258 0.459295 0.008610 0.022959
0 0.488013 0.495105 0.013776 0.018367
0 0.456157 0.495871 0.027551 0.044388
0 0.419997 0.495105 0.017219 0.021429
0 0.550434 0.507350 0.071460 0.101020
