4 0.413490 0.492654 0.007198 0.017062
4 0.317890 0.505450 0.007941 0.029858
4 0.484269 0.520379 0.009597 0.025592
4 0.364304 0.536374 0.007198 0.019194
0 0.345710 0.583293 0.027592 0.031990
0 0.300123 0.597156 0.044387 0.051185
0 0.484869 0.579028 0.034790 0.074645
0 0.495065 0.591824 0.031191 0.066114
0 0.508861 0.590758 0.037189 0.089573
0 0.550249 0.596090 0.093572 0.121564
0 0.576041 0.617417 0.094772 0.138626
0 0.719399 0.621682 0.249526 0.258057
0 0.872296 0.729383 0.255409 0.435071
0 0.050791 0.619549 0.101582 0.113033
0 0.413490 0.601421 0.079176 0.127962
