0 0.779608 0.634551 0.434790 0.691837
5 0.464493 0.336846 0.009471 0.038265
5 0.476977 0.353683 0.022385 0.087245
5 0.550590 0.398071 0.014636 0.120918
5 0.537245 0.401897 0.022385 0.131633
5 0.513138 0.395775 0.010332 0.143878
5 0.520026 0.398836 0.020663 0.143878
3 0.752488 0.103428 0.110204 0.177551
3 0.669834 0.199091 0.037883 0.111735
3 0.565227 0.104193 0.054241 0.044388
4 0.436942 0.197561 0.012915 0.062755
4 0.554465 0.230469 0.018941 0.097959
4 0.421014 0.184550 0.013776 0.061225
4 0.541550 0.258020 0.010332 0.064286
4 0.143782 0.203683 0.012054 0.050510
4 0.244085 0.112612 0.006027 0.039796
4 0.449857 0.259550 0.012915 0.021429
3 0.143351 0.163887 0.011193 0.019898
3 0.246237 0.078173 0.008610 0.022959
3 0.559630 0.150877 0.025829 0.039796
3 0.439095 0.149346 0.012054 0.027551
3 0.422306 0.146285 0.007749 0.021429
0 0.025829 0.284806 0.041327 0.047449
0 0.037452 0.297816 0.062851 0.055102
0 0.074904 0.293989 0.027551 0.056633
0 0.088680 0.260316 0.034439 0.029082
0 0.107191 0.291693 0.064573 0.061225
0 0.147656 0.299346 0.031856 0.048980
0 0.161001 0.288632 0.029273 0.039796
0 0.099011 0.238887 0.037883 0.032143
0 0.126563 0.229704 0.025829 0.032143
0 0.167213 0.222705 0.028904 0.036514
7 0.204050 0.238887 0.046492 0.068878
7 0.293160 0.296285 0.033578 0.048980
3 0.243654 0.209806 0.015497 0.047449
0 0.346540 0.209040 0.012915 0.018367
0 0.365051 0.208275 0.012054 0.022959
0 0.636257 0.399602 0.087819 0.084184
0 0.420584 0.457765 0.157557 0.234184
0 0.198023 0.409551 0.142921 0.202041
0 0.120105 0.498326 0.236767 0.355102
3 0.271636 0.173071 0.007749 0.019898
0 0.314623 0.199964 0.013776 0.022959
0 0.326246 0.204555 0.011193 0.016837
0 0.262104 0.224453 0.017219 0.022959
3 0.358532 0.300656 0.006888 0.039796
5 0.579020 0.351786 0.016358 0.065816
0 0.286272 0.196030 0.016358 0.029082
4 0.519615 0.278906 0.010547 0.028125
