3 0.505438 0.254750 0.022421 0.097048
3 0.477168 0.284211 0.014622 0.072786
3 0.600969 0.457510 0.014622 0.020796
3 0.627289 0.476573 0.010723 0.013864
3 0.628264 0.454044 0.012673 0.024262
0 0.801292 0.525963 0.062388 0.060655
0 0.718433 0.499102 0.058488 0.090116
0 0.755963 0.501701 0.034118 0.074519
0 0.931916 0.510366 0.074085 0.102247
4 0.679441 0.481772 0.011698 0.024262
0 0.669693 0.517298 0.019496 0.019063
0 0.651172 0.519031 0.013647 0.019063
3 0.929479 0.415052 0.014622 0.022529
5 0.842234 0.519898 0.015597 0.072786
4 0.613154 0.491303 0.005849 0.019063
