3 0.909579 0.375708 0.047282 0.053491
4 0.713288 0.403727 0.012895 0.053491
4 0.758420 0.543821 0.011462 0.043302
4 0.900983 0.492878 0.021492 0.022925
5 0.868028 0.652076 0.021492 0.117170
4 0.481893 0.452123 0.008597 0.033113
4 0.518429 0.560378 0.007164 0.020377
4 0.607978 0.565472 0.008597 0.020377
4 0.628037 0.570567 0.008597 0.030566
5 0.089310 0.584576 0.031521 0.129906
5 0.338999 0.611778 0.020828 0.112988
5 0.799255 0.634246 0.015761 0.071321
4 0.471147 0.450849 0.012895 0.040755
0 0.260675 0.629028 0.153015 0.145764
0 0.586486 0.593491 0.017193 0.015283
0 0.595799 0.616416 0.015761 0.040755
0 0.618008 0.621510 0.034387 0.061132
0 0.650245 0.616416 0.035820 0.061132
0 0.555682 0.626604 0.073072 0.096793
4 0.918639 0.550988 0.010955 0.021976
0 0.499087 0.602406 0.025790 0.038208
4 0.265108 0.498961 0.023967 0.024668
4 0.385111 0.542466 0.013876 0.020183
5 0.426612 0.597408 0.007569 0.026910
3 0.905195 0.514883 0.027751 0.017940
3 0.907717 0.542915 0.017660 0.020183
4 0.764799 0.570049 0.013876 0.017940
5 0.408069 0.603239 0.006307 0.044850
