4 0.376819 0.192979 0.017215 0.074811
4 0.463850 0.249087 0.017215 0.057809
4 0.622611 0.188728 0.019128 0.076511
4 0.890879 0.103715 0.022953 0.110516
4 0.142024 0.355353 0.014346 0.025504
4 0.438984 0.370655 0.011477 0.022103
4 0.857884 0.281392 0.021997 0.037406
4 0.395468 0.192129 0.018171 0.073111
3 0.895183 0.185328 0.025823 0.045907
3 0.892314 0.281392 0.027735 0.044207
4 0.977433 0.385957 0.010520 0.015302
3 0.986997 0.363440 0.006695 0.014475
3 0.431333 0.356203 0.013389 0.013602
3 0.429898 0.256738 0.037299 0.018703
