4 0.229622 0.242633 0.012292 0.050989
4 0.172259 0.367678 0.015024 0.019424
4 0.609993 0.229278 0.013658 0.053417
3 0.226208 0.204998 0.016389 0.029137
3 0.172259 0.343397 0.017755 0.029137
3 0.616139 0.181931 0.015024 0.031565
3 0.476146 0.391958 0.010926 0.019424
3 0.513705 0.383460 0.015024 0.021853
3 0.567654 0.340969 0.027316 0.067986
0 0.388429 0.436808 0.010926 0.016996
0 0.376137 0.438022 0.010926 0.019424
0 0.341309 0.447734 0.025950 0.043705
0 0.252533 0.455018 0.034145 0.043705
3 0.175674 0.428379 0.019121 0.038849
9 0.361113 0.444335 0.019121 0.063130
10 0.363162 0.477114 0.023218 0.055845
5 0.526680 0.432021 0.016389 0.060701
3 0.664624 0.313046 0.021853 0.046133
