6 0.805191 0.583152 0.290493 0.157702
6 0.298779 0.558023 0.061413 0.090116
0 0.429890 0.554557 0.013647 0.024262
0 0.388948 0.560623 0.025345 0.019063
0 0.368477 0.559756 0.017547 0.024262
0 0.348006 0.559756 0.011698 0.017330
0 0.096019 0.581419 0.078959 0.036393
0 0.014622 0.585751 0.029244 0.055456
0 0.218844 0.573620 0.047766 0.024262
5 0.166692 0.571021 0.021446 0.074519
4 0.065312 0.376059 0.011698 0.045058
4 0.372377 0.356996 0.013647 0.055456
4 0.613154 0.380392 0.013647 0.060655
4 0.622415 0.499102 0.012673 0.027728
4 0.047278 0.380392 0.018521 0.046791
4 0.362141 0.360462 0.012673 0.055456
4 0.386511 0.353530 0.014622 0.065854
4 0.074085 0.378659 0.013647 0.053723
4 0.165230 0.490437 0.008773 0.038126
4 0.096993 0.454910 0.010723 0.043325
4 0.407957 0.530295 0.004874 0.017330
4 0.377738 0.537227 0.006824 0.013864
