5 0.953097 0.519375 0.046406 0.168750
5 0.628253 0.487500 0.021094 0.086250
5 0.494835 0.476250 0.011602 0.056250
5 0.481124 0.478125 0.011602 0.063750
5 0.435245 0.466875 0.008437 0.041250
5 0.054764 0.490078 0.059584 0.147656
5 0.098800 0.464062 0.042187 0.095625
0 0.041847 0.469687 0.067500 0.136875
0 0.011431 0.498750 0.022863 0.105000
0 0.238019 0.464062 0.012656 0.020625
0 0.252257 0.465937 0.011602 0.024375
0 0.268605 0.471562 0.016875 0.043125
0 0.297081 0.470625 0.037969 0.041250
0 0.332941 0.478125 0.050625 0.052500
0 0.381984 0.480937 0.028477 0.054375
0 0.407823 0.491250 0.065391 0.067500
0 0.538605 0.520312 0.099141 0.136875
0 0.695753 0.518437 0.122344 0.136875
0 0.837081 0.543750 0.227812 0.270000
