4 0.115378 0.241706 0.077977 0.063981
4 0.376901 0.293957 0.075578 0.053318
4 0.592836 0.337677 0.061182 0.051185
4 0.569443 0.552014 0.014396 0.083175
4 0.014008 0.491232 0.023993 0.093839
0 0.218548 0.665047 0.032390 0.057583
0 0.183758 0.661848 0.049185 0.068246
0 0.336113 0.665047 0.039588 0.057583
0 0.348709 0.686374 0.035989 0.083175
0 0.379900 0.691706 0.064781 0.102370
3 0.384098 0.625592 0.013196 0.021327
0 0.270132 0.709834 0.125963 0.159953
0 0.481869 0.753554 0.201540 0.319905
0 0.039994 0.709834 0.079989 0.334834
5 0.582639 0.724763 0.023993 0.151422
5 0.621628 0.721563 0.017995 0.089573
3 0.959927 0.562677 0.034790 0.066114
3 0.962927 0.623459 0.026392 0.025592
5 0.648620 0.727962 0.031191 0.174881
5 0.708002 0.692772 0.041988 0.121564
5 0.764386 0.758886 0.049185 0.270853
5 0.803377 0.772300 0.086381 0.289150
0 0.931078 0.845260 0.137844 0.307109
7 0.931678 0.708767 0.136644 0.110900
