0 0.415723 0.425937 0.028477 0.050625
0 0.374062 0.425937 0.052734 0.084375
0 0.463096 0.445469 0.079277 0.115937
0 0.286875 0.401786 0.021094 0.022500
0 0.324316 0.448661 0.068555 0.120000
0 0.151875 0.472098 0.299531 0.388125
0 0.665508 0.502500 0.370195 0.425625
0 0.845859 0.431250 0.043242 0.046875
4 0.533935 0.260156 0.008437 0.039375
4 0.381533 0.223359 0.013711 0.034219
4 0.541054 0.264375 0.006328 0.033750
0 0.921058 0.496875 0.155039 0.341250
3 0.266836 0.337500 0.008437 0.035625
3 0.476719 0.364687 0.017930 0.022500
4 0.452988 0.363750 0.008437 0.013125
3 0.943945 0.268125 0.041133 0.020625
3 0.943945 0.292500 0.022148 0.024375
