0 0.339788 0.643474 0.030890 0.053390
0 0.359094 0.646525 0.019735 0.053390
0 0.370678 0.647288 0.027458 0.057966
0 0.392987 0.654152 0.051483 0.068644
0 0.432458 0.646525 0.034322 0.056441
0 0.461202 0.674746 0.076367 0.106780
0 0.551298 0.800085 0.273718 0.398136
3 0.491663 0.578898 0.013729 0.028983
5 0.167749 0.597203 0.031748 0.059492
5 0.649201 0.634576 0.012013 0.064068
5 0.670223 0.636102 0.011155 0.067119
5 0.686526 0.628474 0.014587 0.082373
7 0.069330 0.535424 0.137288 0.210508
3 0.566852 0.563824 0.007445 0.021176
