4 0.558340 0.380132 0.011990 0.035526
0 0.579823 0.441414 0.016986 0.019539
0 0.559839 0.440526 0.020983 0.024868
0 0.549348 0.457401 0.029975 0.055066
0 0.453926 0.445855 0.058951 0.060395
0 0.428447 0.459178 0.079934 0.058618
0 0.385483 0.464507 0.091924 0.097697
0 0.293558 0.462730 0.185847 0.136776
0 0.095322 0.511579 0.190643 0.234474
0 0.515376 0.475164 0.069942 0.101250
0 0.672247 0.544441 0.183849 0.225592
3 0.602431 0.381258 0.021446 0.010398
3 0.592196 0.397722 0.014622 0.015597
4 0.575624 0.402921 0.006824 0.029461
