5 0.420609 0.459375 0.016875 0.075000
5 0.403207 0.457500 0.013711 0.056250
5 0.388969 0.454687 0.016875 0.073125
4 0.367348 0.444375 0.013711 0.056250
5 0.818332 0.462187 0.015820 0.073125
5 0.873703 0.468750 0.021094 0.082500
5 0.901125 0.464062 0.027422 0.099375
5 0.977590 0.470625 0.030586 0.097500
5 0.784582 0.463125 0.013711 0.063750
5 0.210410 0.421875 0.024258 0.046875
4 0.338976 0.325312 0.010547 0.039375
4 0.350578 0.390937 0.016875 0.020625
4 0.791437 0.350625 0.010547 0.037500
4 0.800402 0.398437 0.013711 0.024375
4 0.279492 0.318750 0.024258 0.037500
4 0.306914 0.325312 0.013711 0.039375
4 0.783896 0.351562 0.007383 0.035625
0 0.192902 0.426562 0.102305 0.050625
0 0.188684 0.443437 0.072773 0.058125
0 0.288984 0.520312 0.202500 0.211875
0 0.591363 0.456562 0.007383 0.020625
0 0.599273 0.456562 0.012656 0.024375
0 0.564890 0.452812 0.009703 0.020625
0 0.527555 0.457500 0.018984 0.030000
0 0.512789 0.458437 0.023203 0.046875
0 0.652535 0.460312 0.015820 0.039375
0 0.659390 0.461250 0.014766 0.037500
0 0.675738 0.457500 0.039023 0.056250
0 0.557402 0.456562 0.007383 0.020625
6 0.548262 0.438125 0.017930 0.030000
6 0.531387 0.439062 0.015820 0.028125
5 0.469019 0.461437 0.009492 0.050625
0 0.612510 0.456094 0.024258 0.033750
0 0.579287 0.457969 0.025312 0.033750
0 0.548174 0.460781 0.015820 0.024375
0 0.121022 0.613066 0.241523 0.500625
3 0.318516 0.360000 0.033750 0.022500
3 0.713390 0.364687 0.016875 0.035625
3 0.658019 0.403125 0.011602 0.026250
3 0.646418 0.400312 0.015820 0.043125
0 0.489902 0.458437 0.041133 0.069375
0 0.695777 0.465937 0.045352 0.054375
