7 0.325675 0.411117 0.179241 0.327187
0 0.646149 0.591070 0.277664 0.317229
0 0.989829 0.548393 0.019204 0.058325
0 0.495314 0.497181 0.121628 0.129452
5 0.075617 0.529900 0.061614 0.263172
4 0.753374 0.371997 0.018404 0.044099
4 0.726968 0.367018 0.015204 0.034141
4 0.571732 0.107403 0.015204 0.072550
4 0.588936 0.107403 0.014403 0.086776
4 0.556529 0.110248 0.010402 0.066860
3 0.750573 0.263883 0.025606 0.021338
3 0.731369 0.310116 0.038409 0.019916
3 0.732569 0.179241 0.026406 0.065437
5 0.907546 0.489917 0.021446 0.105712
