4 0.191356 0.172255 0.020648 0.057100
4 0.207989 0.178373 0.014912 0.053021
4 0.326713 0.211001 0.020648 0.044864
3 0.814800 0.236492 0.037854 0.071375
3 0.020777 0.123312 0.017677 0.069335
3 0.351375 0.339476 0.012618 0.028550
3 0.397259 0.337436 0.021795 0.044864
3 0.466658 0.321122 0.020648 0.020393
3 0.432245 0.376182 0.011471 0.028550
0 0.025140 0.376837 0.049592 0.056939
0 0.138689 0.392143 0.054758 0.053265
0 0.235807 0.404082 0.054758 0.066122
0 0.080070 0.383877 0.029962 0.023878
0 0.185969 0.386633 0.035128 0.036735
0 0.316664 0.378367 0.019630 0.023878
0 0.334745 0.382959 0.014464 0.014694
0 0.350242 0.381122 0.016531 0.014694
0 0.365740 0.381122 0.010332 0.014694
0 0.382270 0.384796 0.022730 0.022041
0 0.396735 0.383877 0.014464 0.016531
3 0.413782 0.385714 0.017564 0.016531
0 0.464407 0.384796 0.040293 0.022041
0 0.547576 0.392143 0.022730 0.022041
0 0.579088 0.398571 0.015497 0.020204
0 0.595618 0.402245 0.015497 0.023878
0 0.615249 0.409592 0.021696 0.031224
0 0.633846 0.411428 0.025829 0.042245
0 0.663807 0.411428 0.046492 0.045918
0 0.691186 0.414184 0.035128 0.044082
0 0.721664 0.416939 0.038227 0.042245
0 0.813522 0.421531 0.032216 0.058775
0 0.855976 0.421531 0.112615 0.066122
0 0.755931 0.419082 0.059923 0.042245
0 0.512778 0.401269 0.052691 0.040408
