4 0.511774 0.241752 0.007798 0.032927
4 0.622415 0.260815 0.006824 0.029461
4 0.695038 0.337933 0.011698 0.013864
4 0.458647 0.332734 0.008773 0.017330
4 0.600969 0.307606 0.004874 0.015597
4 0.561489 0.311939 0.005849 0.013864
4 0.504463 0.239153 0.008773 0.027728
4 0.518110 0.240886 0.010723 0.031194
4 0.617053 0.262548 0.007798 0.029461
4 0.627289 0.259949 0.008773 0.038126
4 0.736467 0.326669 0.018521 0.025995
3 0.458160 0.294609 0.013647 0.013864
3 0.738417 0.274679 0.022421 0.015597
3 0.650197 0.326669 0.009748 0.015597
5 0.900722 0.484371 0.064337 0.285944
0 0.234441 0.434981 0.168642 0.176765
6 0.357267 0.353530 0.147196 0.228755
0 0.436227 0.402054 0.030219 0.062388
0 0.450361 0.398588 0.031194 0.062388
0 0.489354 0.376926 0.029244 0.053723
0 0.571725 0.328402 0.014622 0.025995
0 0.561002 0.336200 0.020471 0.027728
0 0.520060 0.393389 0.047766 0.069320
0 0.631675 0.367394 0.011698 0.038126
0 0.645323 0.376926 0.031194 0.046791
5 0.661895 0.378659 0.009748 0.053723
0 0.584885 0.433248 0.105279 0.162901
0 0.591708 0.332734 0.009748 0.017330
0 0.609255 0.336200 0.011698 0.013864
0 0.788221 0.392947 0.093433 0.115804
0 0.854906 0.461842 0.255400 0.275546
0 0.942152 0.380392 0.022421 0.036393
0 0.584397 0.331579 0.008773 0.013864
0 0.526689 0.338280 0.014622 0.017330
0 0.535949 0.336547 0.009748 0.013864
