10 0.040450 0.692020 0.078002 0.263746
0 0.202995 0.598187 0.250147 0.273263
3 0.141776 0.369815 0.055825 0.051662
5 0.811272 0.579544 0.020648 0.095166
5 0.793683 0.568668 0.019118 0.106042
5 0.776095 0.556432 0.011471 0.059819
5 0.763477 0.578185 0.024471 0.100604
5 0.719887 0.580904 0.016824 0.078852
4 0.507397 0.461556 0.006118 0.021752
4 0.542192 0.471072 0.005353 0.021752
7 0.557104 0.540408 0.022177 0.038066
0 0.605665 0.577341 0.018353 0.048943
0 0.622106 0.569864 0.023707 0.077492
0 0.494014 0.544486 0.021412 0.033988
0 0.664676 0.577795 0.068061 0.108761
0 0.527025 0.574396 0.049707 0.074773
0 0.580046 0.543226 0.028295 0.057100
